time,sclerostin_bone,sclerostin_sensor,rankl_bone,opg_bone,osteocytes,osteoblasts,osteoclasts,biosensor_signal,detection_event
0.0,0.12933280105693298,0.025000000000000005,0.5144022547460858,4.28388048698565,1.0,1.0,1.0,0.0,0
10.0,0.005775503869187736,1.2613734067564757,0.03986828297524702,0.3326949125166811,1.0052287792839416,1.048221622139384,0.9048387195773272,2.9074797738219234,1
20.0,0.005097771402232058,1.2690629598192023,0.018506710004389856,0.15474455535512063,1.0109043506824609,1.0945386519567948,0.8187319495885294,3.886811780776943,1
30.0,0.005097644744443554,1.2699824940416697,0.01755635723331139,0.14674222768663103,1.017002280033334,1.1385991999376992,0.7408193129747983,3.716558819522848,1
40.0,0.005101287891511763,1.2708701648025063,0.01752552602774917,0.1463948263989378,1.023498485676529,1.1805108323701279,0.6703210437325628,3.681542806645416,1
50.0,0.005104982128370757,1.2717635149167295,0.01753626456892048,0.14639234815316904,1.030370073065282,1.2203783388125162,0.6065315718632054,3.8854053850791095,1
60.0,0.0051087077980074,1.272663079104079,0.01754899259999967,0.14640529546850614,1.0375952815091722,1.2583014117918827,0.5488124708307763,4.05609868009655,1
70.0,0.005112465606626499,1.2735691687686141,0.017561962042700052,0.14641916898480017,1.0451534288170132,1.2943748818238965,0.4965860687522782,3.6734205439237657,1
80.0,0.005116256460792221,1.2744820745866965,0.01757512940946783,0.14643365951408738,1.0530248586077657,1.3286889544815268,0.4493296659396263,4.009919245206407,1
90.0,0.005120080924486793,1.2754020728649755,0.017588414267465508,0.14644814767198422,1.061190890199341,1.3613294359383028,0.4065703044236024,3.9347315471494477,1
100.0,0.005123939768391265,1.2763294209317577,0.017601820262782782,0.14646271168388633,1.0696337709390666,1.3923779475279336,0.3678800345372559,3.8207493058711184,1
110.0,0.005127833689283465,1.2772643607831657,0.017615353662965016,0.14647744926764697,1.078336630867239,1.4219121298016275,0.33287163335009085,4.153102075561304,1
120.0,0.005131763305266031,1.2782071199311242,0.0176290110428759,0.1464923752167069,1.0872834395407993,1.4500058368656408,0.30119472133166725,4.1331671052352155,1
130.0,0.0051357291711468115,1.279157912009039,0.017642774510793716,0.1465073817594494,1.0964589650542513,1.476729320831048,0.27253226517355694,4.4724378460164385,1
140.0,0.005139731842547324,1.2801169368542016,0.017656645834899946,0.14652252280862565,1.1058487350014488,1.502149407529521,0.24659740252562118,3.4786090990682723,1
150.0,0.0051437718141376385,1.2810843818135786,0.017670617173434343,0.14653777035074575,1.11543899933536,1.5263296636874764,0.22313056802918693,4.1241337034020615,1
160.0,0.005147849556561705,1.282060422027889,0.01768468469742253,0.1465531279656688,1.1252166951069031,1.5493305556445156,0.2018969033281624,4.868805193909296,1
170.0,0.0051519654967700996,1.2830452212508083,0.017698844052154578,0.1465685931263559,1.135169412860215,1.5712096006174632,0.18268390360753645,4.696977872245682,1
180.0,0.0051561200341794615,1.2840389322816863,0.017713090916603818,0.14658416194143373,1.1452853645490322,1.5920215111192944,0.1652992723208701,5.54967027740386,1
190.0,0.005160313538099113,1.2850416975539052,0.017727420877857347,0.14659982818985862,1.1555533531591482,1.6118183317003902,0.14956900035474316,4.500965743145783,1
200.0,0.005164546346721561,1.286053649676835,0.017741829230467458,0.14661558172608152,1.1659627439877827,1.6306495682334288,0.13533565150230634,4.03116708716636,1
210.0,0.005168818770332173,1.28707491191321,0.017756312308223658,0.14663141964137633,1.1765034371288787,1.6485623117713941,0.12245678328815018,3.7352419540648127,1
220.0,0.005173131093936458,1.2881055986394665,0.01777086685202088,0.14664734106992447,1.187165841189803,1.6656013568640589,0.1108035031483648,5.077290328711261,1
230.0,0.0051774835770842294,1.2891458158082192,0.017785489194324752,0.14666334046415794,1.197940848402496,1.681809313599177,0.10025917808190746,1.6150877576732232,1
240.0,0.005181876455308401,1.2901956613709398,0.017800175896467405,0.14667941296339954,1.2088198110087047,1.697226713910069,0.0907182753744229,4.329642735720857,1
250.0,0.005186309942068282,1.2912552256749112,0.017814923972165678,0.1466955563143387,1.2197945187589496,1.7118921128711813,0.08208530791446089,3.7323945720800547,1
260.0,0.005190784229399996,1.2923245918532174,0.017829730440778797,0.14671176720790996,1.2308571774831316,1.7258421851710382,0.0742738758337057,3.1386937787261386,1
270.0,0.0051952994889165926,1.2934038361918712,0.017844592367462456,0.14672804166745002,1.2420003887040592,1.7391118168918314,0.06720579989638675,4.467317359119863,1
280.0,0.005199855873097927,1.2944930284753535,0.017859507045757773,0.14674437662014805,1.253217130257839,1.751734192757895,0.06081033936710609,4.460455553653384,1
290.0,0.005204453516245258,1.29559223231746,0.017874471943747788,0.14676076949733022,1.2645007378865536,1.7637408790086695,0.055023486495266415,4.596568209336739,1
300.0,0.005209092535309367,1.2967015054773048,0.017889484587128406,0.146777217307188,1.275844887698162,1.7751619023689404,0.04978732493215461,2.6438196919890613,1
310.0,0.005213773030862377,1.2978209001579268,0.017904542621298942,0.146793717195802,1.2872435794865336,1.7860258251482684,0.045049449534992694,5.037892014533947,1
320.0,0.00521849508797418,1.2989504632906659,0.017919643845843672,0.1468102667761271,1.2986911208693594,1.79635981665975,0.040762442000192745,3.8263549565507127,1
330.0,0.005223258776967793,1.3000902368063578,0.017934786153511587,0.14682686365975825,1.3101821122013022,1.806189721149994,0.03688339655804209,3.6341125138064205,1
340.0,0.005228064154207288,1.3012402578925364,0.01794996752281334,0.14684350543318436,1.3217114322234333,1.8155401224155872,0.03337349064417296,3.7540775998226366,1
350.0,0.0052329112628489785,1.3024005592379722,0.017965186043653214,0.1468601899072476,1.3332742244147726,1.8244344052599073,0.030197596445270567,4.361419235252757,1
360.0,0.005237800133522598,1.3035711692655068,0.01798043990390723,0.14687691503966588,1.3448658840120193,1.83289481394284,0.027323929508912412,4.786158603370583,1
370.0,0.005242730784985961,1.3047521123513117,0.017995727372920736,0.1468936788299385,1.3564820457751174,1.8409425072740213,0.024723736725434566,4.298672503443111,1
380.0,0.005247703224766539,1.3059434090376538,0.01801104680358262,0.14691047936798404,1.3681185721094646,1.8485976121010461,0.022371001268603096,5.042574184626497,1
390.0,0.005252717449784557,1.307145076240786,0.018026396630801012,0.14692731485209554,1.3797715414611147,1.8558792755691185,0.020242160733390482,3.235314405977779,1
400.0,0.0052577734468902135,1.3083571274297194,0.01804177536827177,0.1469441835884199,1.3914372383266418,1.8628057101141569,0.018315905021635562,4.516791303473847,1
410.0,0.005262871193405567,1.3095795728094985,0.018057181599949672,0.1469610839469758,1.4031121430184217,1.8693942395565744,0.016572955545555275,3.881059499653008,1
420.0,0.0052680106576628956,1.3108124194999917,0.018072613979182736,0.1469780143808351,1.41479292167313,1.8756613441005012,0.014995856501351662,3.6594086259429233,1
430.0,0.005273191799456043,1.3120556716869058,0.018088071223526816,0.14699497340526305,1.426476417803856,1.8816226983861308,0.013568832717374685,4.598506775716649,1
440.0,0.005278414570532072,1.3133093307857147,0.01810355211489619,0.14701195962318062,1.4381596431349142,1.8872932127701396,0.012277607351218658,4.295791816709329,1
450.0,0.005283678915029024,1.3145733955884358,0.018119055494245702,0.14702897170257992,1.449839769389634,1.8926870703173453,0.011109262664149066,2.7085287400348443,1
460.0,0.005288984769914151,1.3158478624099395,0.01813458025947507,0.14704600838070148,1.461514120103468,1.897817763678393,0.010052098818499465,4.194685888761607,1
470.0,0.0052943320653564795,1.3171327252128275,0.01815012536127916,0.1470630684479681,1.4731801636270194,1.9026981266122651,0.009095535904470993,3.536055960050923,1
480.0,0.005299720725116945,1.3184279757376283,0.018165689801825754,0.14708015075624237,1.4848355058334721,1.9073403668390811,0.008230001770006153,5.916831329524198,1
490.0,0.005305150666917109,1.31973360362626,0.01818127263185584,0.14709725421296097,1.496477883200201,1.911756097208892,0.007446831815495726,4.203162133870241,1
500.0,0.005310621802774284,1.3210495965340958,0.018196872948785418,0.14711437778193917,1.5081051565228993,1.91595636402382,0.0067381882857458246,4.704730232026536,1
510.0,0.005316134039326609,1.322375940238848,0.01821248989393612,0.14713152047645447,1.5197153048067038,1.919951674563572,0.006096980593743416,4.410882507713726,1
520.0,0.005321687278145743,1.3237126187451578,0.018228122650383875,0.14714868135684733,1.5313064193953303,1.923752023539757,0.005516793356392291,4.233838085571928,1
530.0,0.005327281416042608,1.3250596143869486,0.01824377044094529,0.14716585952894087,1.5428766982246864,1.927366918989988,0.004991817084873106,4.554219877397369,1
540.0,0.005332916345332301,1.3264169079161163,0.018259432526403184,0.14718305414244978,1.5544244408349723,1.9308054047583116,0.004516797857164319,4.944959847840066,1
550.0,0.005338591954105407,1.3277844785934159,0.018275108203706824,0.14720026438949918,1.5659480432610577,1.9340760835234327,0.004086982270864147,4.348576249510411,1
560.0,0.005344308126482244,1.3291623042736147,0.018290796804031284,0.14721748950113145,1.5774459932410254,1.937187138394966,0.0036980692257895893,3.3540713736405263,1
570.0,0.005350064742859609,1.3305503614881558,0.01830649769114024,0.1472347287459736,1.5889168655632657,1.9401463538861217,0.0033461649800347252,3.051868348501208,1
580.0,0.005355861680127164,1.3319486255176887,0.01832221025977966,0.1472519814276772,1.6003593179761242,1.942961134354452,0.0030277484508992223,3.5910476522316266,1
590.0,0.005361698811890674,1.3333570704668907,0.018337933934271522,0.1472692468843585,1.6117720869705316,1.9456385230142552,0.002739633610502271,4.720928769136802,1
600.0,0.0053675760086827565,1.3347756693351243,0.018353668166971412,0.1472865244862959,1.6231539837937754,1.9481852199086587,0.002478936242725616,3.6902046404523654,1
610.0,0.005373493138154302,1.3362043940806512,0.018369412436974503,0.14730381363474998,1.6345038908213645,1.950607598269973,0.0022430468681042346,4.4151558162655355,1
620.0,0.005379450065259154,1.3376432156825893,0.018385166248753117,0.14732111375988255,1.6458207580542539,1.9529117203157942,0.0020296050593538416,4.963422220981649,1
630.0,0.005385446652432605,1.3390921042008108,0.018400929130952474,0.14733842431969135,1.6571035997304926,1.9551033525300707,0.001836475197299315,4.85139663624149,1
640.0,0.005391482759765648,1.3405510288344253,0.018416700635157608,0.147355744798497,1.66835149101548,1.957187980590365,0.0016617235874003978,5.331288776717615,1
650.0,0.005397558245155719,1.3420199579724208,0.01843248033485971,0.14737307470594013,1.679563565128059,1.9591708223334046,0.0015036015127835001,4.239802493657704,1
660.0,0.00540367296446182,1.3434988592457677,0.0184482678243454,0.14739041357555122,1.6907390103852415,1.9610568410868299,0.0013605267171924187,3.984010586660256,1
670.0,0.005409826771649271,1.3449876995760581,0.01846406271767767,0.14740776096357502,1.7018770674397476,1.9628507581330776,0.001231067423995051,4.454999000561674,1
680.0,0.005416019518929576,1.3464864452225214,0.018479864647710665,0.14742511644783907,1.7129770266075561,1.9645570647681017,0.0011139274261738942,4.325040812307604,1
690.0,0.005422251056883591,1.3479950618234615,0.018495673265221207,0.14744247962677545,1.7240382255056375,1.9661800329638859,0.0010079346212052542,5.757766122696632,1
700.0,0.005428521234588202,1.3495135144388748,0.018511488238018566,0.1474598501184343,1.7350600466242425,1.9677237263255112,0.0009120284590895867,3.701714742896182,1
710.0,0.00543482989973614,1.35104176759077,0.01852730925009071,0.14747722755946388,1.7460419150267883,1.9691920104738692,0.0008252488664794749,3.5079474584869677,1
720.0,0.005441176898744154,1.3525797852996062,0.01854313600083636,0.1474946116042353,1.7569832962656966,1.9705885624562924,0.000746727264664085,4.671346743229862,1
730.0,0.005447562076858032,1.3541275311196823,0.018558968204313707,0.14751200192395197,1.7678836943565572,1.971916879894607,0.0006756779193419829,4.755199950078003,1
740.0,0.005453985278253487,1.3556849681731415,0.01857480558852631,0.14752939820586483,1.7787426498294991,1.9731802897856272,0.0006113899341534184,4.5444743545909985,1
750.0,0.005460446346134886,1.3572520591832593,0.01859064789471614,0.14754680015244215,1.7895597378201669,1.9743819571233585,0.0005532195987424664,4.475737618994565,1
760.0,0.005466945122820095,1.3588287665030976,0.018606494876756426,0.14756420748068982,1.8003345664187242,1.9755248923596562,0.0005005848157893881,3.820311903755443,1
770.0,0.005473481449828249,1.3604150521451353,0.01862234630051878,0.14758161992140006,1.8110667749645863,1.976611959109161,0.0004529588975994678,4.85497908585476,1
780.0,0.005480055167961504,1.3620108778088884,0.0186382019432861,0.14759903721848677,1.8217560324528588,1.9776458813513509,0.00040986523006206416,4.319710061915925,1
790.0,0.005486666117383492,1.363616204907432,0.018654061593185993,0.14761645912832955,1.8324020360021915,1.9786292503561134,0.0003708723586351539,3.4306548539032473,1
800.0,0.005493314137688869,1.3652309945909469,0.018669925048686906,0.14763388541920294,1.843004509488006,1.9795645308648064,0.00033559011534691505,3.36309634261792,1
810.0,0.005499999067974402,1.3668552077707836,0.018685792118081836,0.14765131587067817,1.853563202147228,1.980454067399553,0.0003036654694035875,4.939716426052082,1
820.0,0.00550672074690636,1.3684888051422883,0.01870166261899812,0.14766875027305953,1.8640778872518424,1.9813000902627176,0.00027477882531626324,5.258153964613705,1
830.0,0.005513479012780876,1.3701317472052832,0.01871753637795493,0.14768618842687342,1.874548360913007,1.9821047209485643,0.00024864106087372557,6.233544240212005,1
840.0,0.005520273703582917,1.371783994284083,0.018733413229930856,0.14770363014237287,1.884974440911296,1.9828699774372311,0.00022499062473662842,3.5186550662437543,1
850.0,0.005527104657042581,1.3734455065466222,0.018749293017949704,0.1477210752390626,1.895355965576424,1.9835977792659283,0.00020359087818468195,5.51752572269965,1
860.0,0.005533971710690304,1.3751162440232112,0.018765175592673527,0.14773852354523007,1.9056927926875733,1.9842899525073583,0.00018422754463596713,2.7873734114566817,1
870.0,0.005540874701903929,1.3767961666225763,0.01878106081205158,0.14775597489754203,1.9159847985252079,1.9849482340660394,0.00016670686045432094,4.16955194505503,1
880.0,0.00554781346795762,1.3784852341485225,0.01879694854095635,0.147773429140625,1.9262318768883528,1.9855742761300903,0.00015085350515053772,5.12984396812055,1
890.0,0.0055547878460673215,1.3801834063154352,0.018812838650843693,0.14779088612667535,1.9364339381764155,1.9861696503324073,0.00013650881993009756,4.098512249692488,1
900.0,0.005561797673434038,1.3818906427630564,0.018828731019427676,0.1478083457150852,1.9465909085116682,1.9867358517287188,0.00012352918853240064,5.32938928077224,1
910.0,0.00556884278728239,1.383606903069683,0.018844625530387987,0.14782580777210666,1.9567027289497505,1.987274302379267,0.00011178473346349073,4.398872988708909,1
920.0,0.005575923024899801,1.3853321467655733,0.018860522073072886,0.14784327217050938,1.9667693546785667,1.9877863549827182,0.00010115794006493199,3.9467523020158755,1
930.0,0.00558303822367368,1.3870663333456885,0.018876420542215985,0.1478607387892553,1.97679075425442,1.9882732963423924,9.154242085701791e-05,3.871484218796897,1
940.0,0.005590188221124407,1.3888094222810283,0.01889232083768185,0.14787820751320585,1.9867669089166315,1.9887363504790052,8.284193611001986e-05,3.486453603285168,1
950.0,0.0055973728549377315,1.3905613730297697,0.018908222864215726,0.14789567823283456,1.9966978119131498,1.9891766816939003,7.496942146098193e-05,5.654795157671847,1
960.0,0.005604591962995492,1.3923221450478467,0.01892412653120471,0.14791315084395232,2.006583467857468,1.9895953974912526,6.784610573439143e-05,4.96907845291501,1
970.0,0.005611845383403775,1.3940916977986717,0.0189400317524567,0.14793062524745312,2.0164238921336644,1.989993551283499,6.140075823707239e-05,5.904489883169422,1
980.0,0.00561913295452131,1.395869990762938,0.01895593844597756,0.14794810134905795,2.0262191102967786,1.9903721451177971,5.556892577247182e-05,4.787062631822963,1
990.0,0.0056264545149866015,1.397656983447998,0.01897184653375712,0.14796557905906862,2.035969157497019,1.9907321322950944,5.02922116487155e-05,5.312674544067043,1
1000.0,0.0056338099037375735,1.3994526353947396,0.01898775594160664,0.1479830582921809,2.045674078043979,1.9910744193585321,4.551793049778838e-05,4.630530542520029,1
1010.0,0.005641198960048919,1.4012569061903803,0.01900366659887452,0.14800053896715767,2.0553339246397657,1.9913998695732231,4.119788307871559e-05,4.8447796949964435,1
1020.0,0.0056486215235262895,1.4030697554668299,0.019019578438459174,0.1480180210068437,2.06494875841976,1.9917093027679553,3.7289196263754904e-05,3.5574365982211518,1
1030.0,0.005656077434163877,1.4048911429202533,0.01903549139638524,0.1480355043376784,2.074518647806868,1.9920035005217007,3.3752151159887136e-05,5.372840270741904,1
1040.0,0.005663566532319392,1.4067210283030047,0.019051405411949173,0.14805298888986318,2.084043668912669,1.992283204381627,3.055180337881573e-05,5.331287410371036,1
1050.0,0.0056710886587758936,1.4085593714446127,0.01906732042726591,0.14807047459684022,2.093523904311529,1.992549121410835,2.7655728548827277e-05,5.1663800921319805,1
1060.0,0.005678643654719822,1.4104061322447314,0.019083236387393943,0.14808796139543629,2.102959443385865,1.9928019226576341,2.5035273615171126e-05,4.967458866920107,1
1070.0,0.0056862313617899495,1.4122612706898219,0.019099153239970353,0.1481054492254431,2.112350381340407,1.9930422476218193,2.2664062759487262e-05,5.39037040778612,1
1080.0,0.005693851622065854,1.414124746849591,0.019115070935264458,0.14812293802967894,2.121696819353267,1.9932707035982358,2.0518569920001138e-05,4.584601818460451,1
1090.0,0.00570150427810611,1.4159965208900753,0.019130989425886747,0.14814042775365405,2.1309988637911164,1.9934878692382485,1.857719909886868e-05,3.839495354584343,1
1100.0,0.005709189172938301,1.417876553070591,0.01914690866683231,0.1481579183456206,2.140256626332354,1.993694294018621,1.6820702143492072e-05,3.947721576044729,1
1110.0,0.005716906150095955,1.4197648037563977,0.019162828615198364,0.14817540975624774,2.1494702232055904,1.993890501698076,1.5231298114596935e-05,6.438455340326142,1
1120.0,0.00572465505360435,1.42166123341424,0.01917874923025691,0.14819290193870538,2.158639775392234,1.9940769894281574,1.3793255265666284e-05,4.608999245073997,1
1130.0,0.005732435728016498,1.423565802624695,0.019194670473178823,0.1482103948483467,2.1677654078827775,1.9942542311295584,1.2492000936115257e-05,4.165934620492873,1
1140.0,0.00574024801840157,1.425478472078584,0.019210592307088627,0.14822788844277127,2.176847249830783,1.9944226768218534,1.1314599812852726e-05,4.96713641697521,1
1150.0,0.005748091770369997,1.4273992025856777,0.01922651469686399,0.14824538268159443,2.185885434013916,1.994582755077065,1.024921672474529e-05,3.365642295918359,1
1160.0,0.005755966830072805,1.4293279550747617,0.01924243760911495,0.1482628775264235,2.194880096782783,1.9947348732738472,9.285210891871276e-06,4.831168378108417,1
1170.0,0.005763873044214717,1.431264690598318,0.019258361012066866,0.14828037294072313,2.2038313777485095,1.9948794190298436,8.412946086586343e-06,3.689448320957492,1
1180.0,0.00577181026006066,1.4332093703349964,0.01927428487548975,0.14829786888973404,2.2127394195961227,1.9950167610664868,7.6236937414752325e-06,5.3095485016033965,1
1190.0,0.005779778325441778,1.4351619555919173,0.019290209170630863,0.14831536534039558,2.221604367906845,1.9951472500337786,6.909573619141471e-06,4.685542899073679,1
1200.0,0.005787777088765224,1.437122407808243,0.01930613387012095,0.14833286226123776,2.230426370908841,1.995271219657644,6.2634212219404885e-06,5.163721686598373,1
1210.0,0.005795806399015466,1.4390906885558992,0.01932205894794007,0.1483503596223422,2.2392055793896004,1.9953889871581785,5.678793589518429e-06,6.333847640974217,1
1220.0,0.005803866105766366,1.4410667595439186,0.019337984379307636,0.1483678573952154,2.2479421464028007,1.995500854595055,5.149799246025199e-06,5.3527115457818155,1
1230.0,0.005811956059178504,1.4430505826178193,0.019353910140676382,0.14838535555278212,2.2566362272569895,1.9956071089414043,4.671179552394865e-06,6.82999081061965,1
1240.0,0.005820076110012951,1.4450421197645194,0.019369836209610487,0.14840285406924497,2.2652879791900835,1.9957080235753037,4.238097652553293e-06,5.125961498549479,1
1250.0,0.005828226109625933,1.4470413331108196,0.019385762564798462,0.14842035292009942,2.27389756140933,1.9958038581220585,3.846257436873466e-06,4.2869891168629755,1
1260.0,0.005836405909981731,1.4490481849280241,0.019401689185937328,0.14843785208200055,2.2824651347822917,1.9958948598713853,3.491714627099099e-06,4.518956230325544,1
1270.0,0.00584461536364396,1.4510626376292797,0.01941761605377,0.148455351532806,2.2909908619431403,1.9959812633197889,3.171004122946245e-06,5.877986444892744,1
1280.0,0.005852854323799411,1.4530846537778874,0.019433543149891114,0.14847285125135282,2.2994749067712745,1.996063292547205,2.880858447848743e-06,5.569063496174008,1
1290.0,0.005861122644250707,1.4551141960851028,0.01944947045677488,0.14849035121748935,2.3079174344718023,1.996141160875669,2.6182970642242112e-06,4.49183584626417,1
1300.0,0.005869420179388317,1.4571512274009752,0.01946539795795056,0.14850785141227701,2.316318612055889,1.996215068721695,2.380940952824936e-06,4.965658644638122,1
1310.0,0.005877746784260883,1.4591957107383384,0.019481325637476045,0.14852535181738513,2.32467860691918,1.9962852100391908,2.1662225448814646e-06,5.8572523138192345,1
1320.0,0.005886102314536476,1.4612476092600197,0.019497253480190064,0.14854285241538084,2.3329975875302082,1.9963517692321198,1.9718225847012553e-06,4.318955550559844,1
1330.0,0.005894486626463823,1.4633068862660343,0.019513181471965506,0.14856035319002034,2.341275724121382,1.9964149180547583,1.7961001067495102e-06,6.150977417590855,1
1340.0,0.005902899576957619,1.4653735052226404,0.0195291095990747,0.14857785412551922,2.3495131869744057,1.996474823379163,1.637144528802248e-06,5.113265014070405,1
1350.0,0.005911341023560465,1.467447429749773,0.019545037848437495,0.14859535520683753,2.357710147097198,1.9965316441591199,1.493199155771885e-06,5.310640316444664,1
1360.0,0.005919810824414733,1.4695286236118121,0.019560966207799665,0.14861285641988498,2.365866776711725,1.9965855292470254,1.3629464092244485e-06,6.068344309326805,1
1370.0,0.005928308838298606,1.4716170507300288,0.019576894665449467,0.1486303577511951,2.3739832484913337,1.9966366208622768,1.2451331845457391e-06,5.752891517391997,1
1380.0,0.00593683492463639,1.4737126751863454,0.019592823210119265,0.148647859187812,2.3820597352991295,1.9966850557953266,1.1384627030940479e-06,6.0626579848505795,1
1390.0,0.005945388943466787,1.4758154612128709,0.01960875183119118,0.14866536071752698,2.3900964107493965,1.9967309628907655,1.0418886036170472e-06,4.025860492175455,1
1400.0,0.0059539707554506745,1.4779253731948034,0.01962468051861707,0.1486828623287863,2.3980934489956427,1.9967744640267608,9.545297477337045e-07,4.27004285438031,1
1410.0,0.0059625802218962135,1.4800423756792154,0.019640609262710867,0.14870036401045267,2.4060510241736996,1.996815676656166,8.754680789702298e-07,4.751209199491327,1
1420.0,0.005971217204734338,1.4821664333670033,0.01965653805430479,0.1487178657519847,2.413969310828699,1.9968547118949185,8.039199840497669e-07,4.385954220799297,1
1430.0,0.005979881566516982,1.4842975111125334,0.019672466884740253,0.14873536754342645,2.4218484838948067,1.9968916746332555,7.392129715519783e-07,5.114731796474338,1
1440.0,0.005988573170439451,1.4864355739315573,0.01968839574567557,0.14875286937518648,2.429688718180783,1.9969266658887161,6.806798284778575e-07,4.4352422087023715,1
1450.0,0.005997291880322348,1.4885805869953017,0.019704324629198525,0.14877037123816697,2.437490188678211,1.9969597814288933,6.27728586532469e-07,4.440318782077388,1
1460.0,0.006006037560589947,1.4907325156233397,0.0197202535279663,0.148787873123925,2.445253070943587,1.9969911100586808,5.799568761294139e-07,4.947824546034094,1
1470.0,0.006014810076328688,1.4928913253038638,0.019736182434739378,0.14880537502413632,2.4529775398451736,1.9970207393242463,5.368206538024509e-07,6.000476552100017,1
1480.0,0.006023609293246806,1.495056981680149,0.019752111342663144,0.14882287693091928,2.4606637703272636,1.99704875206703,4.978466780204971e-07,4.63434024155799,1
1490.0,0.006032435077685035,1.4972294505544803,0.019768040245163248,0.1488403788367145,2.468311937132395,1.9970752277039383,4.6256412498382994e-07,6.814854324296581,1
1500.0,0.006041287296595428,1.4994086978811771,0.019783969136082134,0.1488578807344418,2.4759222151741405,1.9971002405568323,4.3062198863462216e-07,4.134726493098604,1
1510.0,0.0060501658174958685,1.5015946897513026,0.019799898009999598,0.14887538261786887,2.4834947804064793,1.9971238559296274,4.0205193008620343e-07,3.997881394473138,1
1520.0,0.006059070508633111,1.503787392448698,0.019815826860975303,0.14889288448016533,2.491029806435573,1.9971461454964512,3.762841019906712e-07,4.607910004413876,1
1530.0,0.006068001238844034,1.5059867724027938,0.01983175568357499,0.14891038631508266,2.4985274672929694,1.9971671747436384,3.5296761597176225e-07,3.895119461560935,1
1540.0,0.006076957877594045,1.5081927962020143,0.019847684472556172,0.1489278881165929,2.505987936592085,1.9971870068159303,3.3173169711517285e-07,5.019832520287653,1
1550.0,0.0060859402949234994,1.5104054305756767,0.019863613223253723,0.14894538987933198,2.5134113885723104,1.9972056977977697,3.12471109609849e-07,5.910056831796588,1
1560.0,0.006094948361449834,1.5126246423949863,0.01987954193153994,0.1489628915985536,2.520797997995721,1.9972232972021944,2.953251354494362e-07,5.61901327282328,1
1570.0,0.006103981948523902,1.5148503987269097,0.019895470592606528,0.1489803932687291,2.528147936867485,1.9972398628759125,2.7980821637470356e-07,6.910556400768914,1
1580.0,0.006113040928067088,1.5170826667785942,0.019911399202185272,0.14899789488495074,2.5354613777315054,1.9972554460616099,2.656967275646252e-07,4.686721414043525,1
1590.0,0.006122125172618655,1.5193214139138689,0.019927327756162613,0.1490153964424886,2.542738492635664,1.9972700961144765,2.527591764566487e-07,4.660204590471351,1
1600.0,0.006131234555274765,1.5215666076324714,0.0199432562510338,0.14903289793731275,2.549979454358513,1.9972838549445984,2.410204266821962e-07,5.546267763011221,1
1610.0,0.006140368949748432,1.5238182155910074,0.019959184683409143,0.14905039936552567,2.5571844350847117,1.997296763059058,2.304849574168244e-07,3.9231925882893286,1
1620.0,0.006149528230418224,1.5260762056200263,0.01997511304960841,0.1490679007228956,2.564353605317739,1.9973088645252521,2.209104327832346e-07,5.222473524124477,1
1630.0,0.006158712272239962,1.5283405456938193,0.019991041346329123,0.1490854020056253,2.5714871356829327,1.9973201987928153,2.1219413426275553e-07,4.636053865893165,1
1640.0,0.0061679209507744925,1.5306112039402726,0.020006969570405046,0.14910290321007413,2.578585196281772,1.9973308036492274,2.0424016178747738e-07,5.946721073959293,1
1650.0,0.006177154142151123,1.5328881486282422,0.02002289771909352,0.1491204043330884,2.5856479574651843,1.9973407117032478,1.97028686981182e-07,5.793356055845852,1
1660.0,0.006186411723121132,1.5351713481867226,0.020038825789593696,0.14913790537144767,2.5926755885481794,1.9973499562807195,1.905024197585652e-07,4.752837175056031,1
1670.0,0.00619569357104274,1.537460771199826,0.02005475377914998,0.1491554063219834,2.599668258090916,1.9973585701585541,1.8459215624896826e-07,6.6947776953700675,1
1680.0,0.006204999563860921,1.5397563863999344,0.020070681685199557,0.1491729071817488,2.6066261342977586,1.997366583759246,1.7925280313273715e-07,3.9211435549488476,1
1690.0,0.006214329580114246,1.5420581626703982,0.020086609505289066,0.1491904079479229,2.6135493847983335,1.9973740261709183,1.7444453064339544e-07,5.728536220187847,1
1700.0,0.006223683498916474,1.5443660690389396,0.02010253723724036,0.14920790861800115,2.620438177089842,1.997380923118511,1.7010991489125112e-07,6.1107870057579285,1
1710.0,0.006233061199986873,1.5466800746893699,0.02011846487880208,0.14922540918939484,2.6272926776194767,1.9973873012275092,1.6621436477194962e-07,5.092321284641768,1
1720.0,0.0062424625636288405,1.5490001489538778,0.020134392427846745,0.14924290965965767,2.6341130523094614,1.9973931856123368,1.6271941449413666e-07,6.080431318411175,1
1730.0,0.006251887470729295,1.5513262613131242,0.020150319882348628,0.14926041002646043,2.6408994665024466,1.9973986001468718,1.5958299041863348e-07,5.831235690853493,1
1740.0,0.006261335802756901,1.553658381395903,0.020166247240373338,0.14927791028757884,2.6476520849378975,1.9974035675920105,1.5676404796299387e-07,5.257415720715747,1
1750.0,0.00627080744171273,1.555996478961204,0.020182174500545224,0.14929541044143113,2.6543710729953576,1.997408103876063,1.5436859546390447e-07,4.392982498596971,1
1760.0,0.006280302270242997,1.5583405239402242,0.020198101660889003,0.14931291048574605,2.6610565936269306,1.9974122322694756,1.5229164062597145e-07,5.67834748749549,1
1770.0,0.006289820171546309,1.5606904864023707,0.020214028719732643,0.14933041041860096,2.667708809755182,1.9974159723365692,1.5049823054553365e-07,6.235540965470252,1
1780.0,0.006299361029396153,1.5630463365638905,0.020229955675454308,0.14934791023813104,2.6743278836061224,1.9974193430319045,1.4894609870216697e-07,5.682626805808823,1
1790.0,0.006308924728139071,1.5654080447875054,0.020245882526473153,0.14936540994251854,2.680913976688694,1.9974223628130248,1.4758391029694235e-07,6.545106467204407,1
1800.0,0.006318511152692839,1.5677755815820495,0.020261809271240102,0.14938290952998223,2.6874672497742624,1.9974250497531976,1.4634950759068334e-07,4.821891709761175,1
1810.0,0.0063281201885446395,1.5701489176021066,0.020277735908228647,0.1494004089987669,2.6939878628761034,1.9974274216541557,1.4516815524222395e-07,4.518711726815522,1
1820.0,0.006337751721728427,1.5725280236399568,0.02029366243613348,0.1494179083473716,2.7004759757802086,1.9974294936151311,1.4402002626376207e-07,6.893560209438573,1
1830.0,0.006347405638670789,1.574912870568948,0.02030958885538226,0.1494354075762881,2.7069317520586678,1.9974312595336747,1.4344507015760873e-07,6.187334012706085,1
1840.0,0.006357081826646072,1.5773034295119315,0.020325515163563436,0.14945290668274347,2.7133553469472655,1.997432748055117,1.4302136381940325e-07,4.077883960760218,1
1850.0,0.006366780173369626,1.579699671691315,0.020341441359460546,0.14947040566533895,2.719746918049217,1.9974339732048805,1.427102309681629e-07,6.341967370707421,1
1860.0,0.0063765005671133695,1.5821015684720634,0.02035736744187084,0.14948790452269153,2.7261066222058297,1.9974349488449958,1.424640450461012e-07,4.5329899665478335,1
1870.0,0.00638624289670382,1.5845090913612807,0.020373293409597513,0.1495054032534251,2.7324346154798267,1.9974356887691376,1.4222495655138088e-07,5.409386104534855,1
1880.0,0.006396007051520125,1.5869222120077944,0.02038921926144194,0.14952290185616135,2.7387310531386753,1.9974362067976572,1.4192362037086675e-07,6.908940671724865,1
1890.0,0.006405792921492097,1.5893409022017373,0.0204051449961959,0.14954040032951105,2.7449960896379126,1.9974365168726194,1.4147792311287884e-07,6.541908103505413,1
1900.0,0.006415600397046859,1.5917651338547785,0.02042107061317987,0.1495578986726928,2.751229880048013,1.9974366264707157,1.4093957583324985e-07,4.736765989400807,1
1910.0,0.006425429368967245,1.5941948789471097,0.020436996113719352,0.14957539688723076,2.7574325839609597,1.9974365185377156,1.408947082264522e-07,5.640750331189345,1
1920.0,0.006435279728942528,1.5966301097352111,0.020452921495263048,0.14959289497019124,2.7636043499452394,1.997436223463714,1.4087199325626446e-07,4.560811073268141,1
1930.0,0.006445151369042298,1.5990707985540036,0.020468846756945776,0.14961039292057945,2.769745330255562,1.9974357510100973,1.4084983292104165e-07,5.872868736352029,1
1940.0,0.006455044181871388,1.601516917875528,0.020484771897913236,0.14962789073741303,2.7758556764081086,1.9974351108094517,1.4080355592067973e-07,5.634325895377819,1
1950.0,0.0064649580605676054,1.6039684403084178,0.0205006969173174,0.14964538841971686,2.781935539172264,1.997434312421687,1.407050060507759e-07,3.1533673072000843,1
1960.0,0.006474892898799473,1.6064253385973675,0.02051662181431195,0.14966288596651783,2.787985068562348,1.997433365390158,1.405221305967889e-07,4.8140760568804115,1
1970.0,0.006484848590763951,1.608887585622606,0.02053254658804766,0.14968038337683937,2.7940044138293496,1.9974322792977883,1.402185687281993e-07,5.018254184805519,1
1980.0,0.0064948250311393715,1.611355154381315,0.02054847123824754,0.14969788065036302,2.799993724971192,1.9974310567295297,1.3985560717874217e-07,6.096834800934143,1
1990.0,0.006504822115045934,1.613828017972107,0.020564395765683852,0.1497153777879767,2.8059531539861293,1.997429687434774,1.396768196292497e-07,8.261429744779727,1
2000.0,0.006514839738316802,1.6163061497046016,0.020580320168637086,0.1497328747877032,2.8118828456006306,1.997428191658481,1.3948316184143123e-07,4.655515145888388,1
2010.0,0.006524877797213738,1.6187895229852705,0.020596244446540832,0.14975037164889127,2.8177829468210116,1.9974265755393317,1.3927701063454676e-07,6.463411424681585,1
2020.0,0.0065349361885122,1.621278111352096,0.020612168598846996,0.1497678683709106,2.8236536039645626,1.9974248449959642,1.3906217253198303e-07,6.096948177064416,1
2030.0,0.006545014809498887,1.6237718884739676,0.020628092625023648,0.1497853649531496,2.829494962657664,1.9974230057532816,1.3884390244675547e-07,6.354025547067183,1
2040.0,0.006555113557969282,1.6262708281500753,0.02064401652455287,0.14980286139501267,2.835307167833904,1.9974210633687557,1.3862892236700969e-07,5.938152392063711,1
2050.0,0.0065652323322251994,1.6287749043093043,0.02065994029692861,0.1498203576959179,2.841090363732192,1.9974190232587317,1.3842544004152328e-07,4.539405945803424,1
2060.0,0.006575371031072855,1.6312840910069482,0.020675863941903686,0.14983785385558107,2.846844694519304,1.997416887675637,1.3822732929912343e-07,5.876636299882746,1
2070.0,0.006585529553820311,1.6337983624246437,0.02069178745943725,0.14985534987395516,2.8525703041616426,1.9974146563513095,1.380173538348453e-07,5.640077442569074,1
2080.0,0.006595707800273131,1.6363176928792789,0.02070771084880949,0.14987284575021248,2.8582673342103257,1.997412337329468,1.378233179038849e-07,6.823396103664386,1
2090.0,0.00660590567073413,1.6388420568112612,0.02072363410965238,0.14989034148392982,2.8639359263876147,1.9974099343533223,1.3765243402164765e-07,4.395862462096605,1
2100.0,0.006616123066000205,1.6413714287875136,0.020739557241613443,0.1499078370747019,2.8695762217479053,1.9974074509795396,1.3751257478070641e-07,4.9327209097330815,1
2110.0,0.006626359887359885,1.643905783500858,0.02075548024435442,0.14992533252213971,2.875188360677835,1.9974048905948292,1.374122410341322e-07,6.112558953947444,1
2120.0,0.006636616036590874,1.6464450957694028,0.020771403117549894,0.14994282782586907,2.880772482896389,1.9974022564325231,1.3736053007882472e-07,5.384179427243358,1
2130.0,0.006646891415957596,1.6489893405359286,0.020787325860885948,0.14996032298552897,2.886328727455009,1.9973995515891607,1.3736710383884295e-07,6.6211417134179165,1
2140.0,0.0066571859282393755,1.6515384928748589,0.020803248474082593,0.14997781800079746,2.8918572327535665,1.997396778750175,1.3740377178101186e-07,5.99945309010559,1
2150.0,0.0066674994767017565,1.6540925279851526,0.020819170956872045,0.14999531287136655,2.8973581365268877,1.9973939404555279,1.3743732282833786e-07,4.864624742239194,1
2160.0,0.0066778319650350575,1.6566514211750831,0.02083509330895153,0.15001280759688815,2.9028315758142824,1.9973910396765684,1.3750342532131702e-07,5.2478029577610625,1
2170.0,0.006688183297437182,1.6592151478827368,0.020851015530048173,0.15003030217704838,2.908277687003842,1.9973880790228162,1.375997374479467e-07,5.507092827238441,1
2180.0,0.0066985533785819135,1.661783683668157,0.020866937619894926,0.15004779661154022,2.913696605817382,1.9973850610363586,1.3772253452840424e-07,6.275781225436778,1
2190.0,0.006708942113616544,1.6643570042127491,0.020882859578229253,0.1500652909000617,2.919088467310593,1.9973819882076913,1.3786657937080234e-07,5.726384901408414,1
2200.0,0.006719349408159493,1.6669350853186866,0.020898781404791844,0.1500827850423147,2.924453405873185,1.9973788629915592,1.3802499262694419e-07,6.083080444289996,1
2210.0,0.0067297751682979315,1.6695179029083156,0.020914703099325326,0.1501002790380032,2.9297915552290377,1.9973756878227993,1.3818912314807906e-07,6.639502037064808,1
2220.0,0.006740219300608616,1.6721054330279872,0.02093062466170757,0.15011777288698672,2.9351030487408964,1.99737246348514,1.383831173441609e-07,6.022102423997364,1
2230.0,0.006750681712125169,1.6746976518416758,0.02094654609177441,0.15013526658907653,2.9403880190123672,1.9973691912802878,1.3861842609921433e-07,5.9544389265325615,1
2240.0,0.00676116231031694,1.677294535626805,0.02096246738920943,0.15015276014390871,2.945646597641626,1.997365874376514,1.3886559750773454e-07,4.895471681118409,1
2250.0,0.006771661003129405,1.6798960607818127,0.020978388553790875,0.15017025355122832,2.950878915783162,1.997362514787339,1.3911813251165961e-07,6.2506921624638965,1
2260.0,0.006782177698965815,1.6825022038225093,0.02099430958529766,0.15018774681078104,2.956085103938161,1.9973591145218068,1.3936845560414778e-07,5.922500927745883,1
2270.0,0.006792712306684871,1.6851129413814916,0.021010230483508346,0.15020523992231224,2.9612652919552924,1.997355675596853,1.3960785835237153e-07,7.20788022625397,1
2280.0,0.006803264735598393,1.687728250207559,0.02102615124820013,0.15022273288556573,2.966419609031499,1.997352200049673,1.398264429203115e-07,6.635047451742171,1
2290.0,0.006813834895468993,1.6903481071651276,0.021042071879147837,0.15024022570028256,2.9715481837127853,1.9973486899500916,1.4001306559155042e-07,6.3656239213957235,1
2300.0,0.006824422696522247,1.6929724892341018,0.021057992376410935,0.15025771836653104,2.976651144596937,1.9973451438885583,1.402148937120155e-07,6.813487570166609,1
2310.0,0.006835028049420629,1.6956013735085418,0.021073912739860833,0.1502752108841633,2.981728619184804,1.99734156276016,1.404397240328948e-07,5.8939261731022405,1
2320.0,0.006845650865261311,1.6982347371960804,0.02108983296918236,0.1502927032528169,2.986780733887174,1.9973379497464367,1.4065644301399704e-07,5.563101360258997,1
2330.0,0.0068562910555905856,1.700872557617868,0.02110575306420562,0.15031019547229652,2.991807614836754,1.9973343062547766,1.4086386316887544e-07,5.57443349027848,1
2340.0,0.006866948532394383,1.7035148122077615,0.021121673024762793,0.15032768754240905,2.9968093875424078,1.9973306336708054,1.410612347717812e-07,5.075098368049049,1
2350.0,0.006877623208095974,1.706161478511738,0.021137592850687607,0.15034517946296336,3.0017861768912004,1.997326933364454,1.4124829596954558e-07,6.815044075259141,1
2360.0,0.006888314995553663,1.7088125341873144,0.02115351254181487,0.15036267123376945,3.006738107150444,1.9973232066960258,1.4142532289346212e-07,6.746606268937089,1
2370.0,0.006899023808058494,1.7114679570029583,0.021169432097979956,0.15038016285463798,3.0116653019697393,1.9973194550222608,1.4159317977116868e-07,5.866091328466986,1
2380.0,0.006909749559365963,1.7141277248439013,0.02118535151922425,0.1503976543256165,3.016567884851032,1.9973156771827734,1.4175130628383913e-07,5.837496177371115,1
2390.0,0.0069204921636294246,1.7167918156994673,0.021201270805405417,0.15041514564654135,3.02144597826611,1.9973118742682696,1.419016663234668e-07,6.073772793451447,1
2400.0,0.006931251535419349,1.719460207666544,0.02121718995632744,0.1504326368171871,3.02629970395526,1.9973080480297085,1.4204749076005196e-07,5.452349404714344,1
2410.0,0.0069420275897424345,1.7221328789530201,0.02123310897186973,0.15045012783741502,3.03112918322388,1.9973041992985425,1.4219202928197854e-07,5.53840984751897,1
2420.0,0.006952820242027586,1.724809807874998,0.021249027851915674,0.15046761870709105,3.0359345367832655,1.99730032886091,1.423393112176755e-07,5.436968634243911,1
2430.0,0.006963629408123663,1.7274909728562209,0.021264946596352443,0.15048510942608537,3.0407158847533813,1.9972964374598103,1.4249419246206612e-07,6.728803478740451,1
2440.0,0.006974455004297237,1.7301763524274971,0.02128086520507084,0.15050259999427243,3.0454733466656267,1.9972925257972802,1.4266240240301734e-07,5.674520159753434,1
2450.0,0.006985296947230339,1.7328659252261251,0.0212967836779651,0.15052009041153055,3.050207041465602,1.9972885945365688,1.4285059084778885e-07,6.641301487591402,1
2460.0,0.006996155154203377,1.7355596700427152,0.021312702014940305,0.15053758067775055,3.054917087270001,1.997284644212858,1.4296156035158818e-07,6.669823504280975,1
2470.0,0.007007029542682644,1.7382575657156079,0.021328620215895402,0.15055507079281627,3.0596036019141324,1.9972806754380656,1.430265376873608e-07,6.992247129035349,1
2480.0,0.007017920030555121,1.740959591190977,0.021344538280732704,0.1505725607566153,3.0642667026399075,1.9972766887859361,1.4307103266947545e-07,7.747652666226145,1
2490.0,0.007028826536158799,1.74366572553059,0.021360456209359096,0.15059005056904054,3.0689065060553613,1.9972726847781297,1.4309644977902056e-07,7.2335584062764795,1
2500.0,0.007039748978236144,1.7463759478998986,0.021376374001683993,0.1506075402299878,3.0735231281962268,1.9972686639082728,1.43105204392817e-07,4.818605470103758,1
2510.0,0.007050687275931733,1.749090237567434,0.021392291657619196,0.15062502973935565,3.078116684528851,1.99726462664419,1.4310083374045903e-07,5.770665524779154,1
2520.0,0.0070616413487898985,1.751808573904206,0.021408209177078683,0.15064251909704515,3.0826872899531144,1.997260573430135,1.4308810786135554e-07,6.155630385704452,1
2530.0,0.007072611116752358,1.754530936383097,0.021424126559978423,0.1506600083029596,3.087235058805347,1.9972565046890232,1.4307314056177078e-07,5.678463332034319,1
2540.0,0.007083596500155861,1.7572573045782605,0.02144004380623622,0.15067749735700453,3.091760104861245,1.9972524208246627,1.4306350037186552e-07,6.143729935105957,1
2550.0,0.007094597419729825,1.7599876581645157,0.02145596091577149,0.1506949862590872,3.0962625413387883,1.9972483222239865,1.4306832150273806e-07,7.680720320639542,1
2560.0,0.0071056137965939715,1.7627219769167464,0.021471877888505114,0.15071247500911658,3.100742480901158,1.9972442092592837,1.4309841480346511e-07,5.62496635468025,1
2570.0,0.007116645552255967,1.7654602407092963,0.021487794724359226,0.15072996360700316,3.1052000356596525,1.9972400822904317,1.4316637871814296e-07,5.937969363881038,1
2580.0,0.007127692608609063,1.7682024295153658,0.021503711423257053,0.1507474520526586,3.1096353171766067,1.9972359416671275,1.4328671024292835e-07,6.104357302916843,1
2590.0,0.00713875488792973,1.7709485234064077,0.0215196279851227,0.15076494034599563,3.1140484364683068,1.9972317877311194,1.4347591588307954e-07,5.570730018915456,1
2600.0,0.007149832312875302,1.7736985025515264,0.021535544409881004,0.15078242848692774,3.1184395040079083,1.9972276208184392,1.4375262260999724e-07,6.42345069969196,1
2610.0,0.007160924806678359,1.7764523472672082,0.021551460697467172,0.15079991647538044,3.122808629471576,1.9972234411426137,1.4406511101204152e-07,6.72590820109631,1
2620.0,0.007172032294095114,1.7792100382599685,0.02156737684787424,0.15081740431134563,3.1271559205005754,1.9972192482217574,1.4394070824798761e-07,7.349726734237727,1
2630.0,0.007183154697852654,1.7819715557173832,0.021583292860975038,0.15083489199467712,3.1314814873378385,1.9972150430285613,1.4379559430425038e-07,4.841826218519293,1
2640.0,0.007194291942172115,1.7847368802094898,0.02159920873669862,0.15085237952529326,3.1357854382296737,1.9972108258598051,1.4363438761994845e-07,6.224540453350117,1
2650.0,0.0072054439516475825,1.7875059924019538,0.021615124474974014,0.1508698669031124,3.140067880888763,1.997206597015354,1.4346294525277888e-07,5.884500173279271,1
2660.0,0.007216610651243784,1.7902788730554815,0.021631040075730062,0.15088735412805274,3.1443289224970066,1.9972023568003587,1.432884541146159e-07,6.823107412993375,1
2670.0,0.007227791966293777,1.7930555030252282,0.021646955538895226,0.15090484120003195,3.1485686697083732,1.997198105527454,1.4311952220710984e-07,5.741003379106672,1
2680.0,0.007238987822496644,1.7958358632602092,0.021662870864397415,0.1509223281189671,3.1527872286517455,1.9971938435189585,1.4296626985728594e-07,6.886946713074453,1
2690.0,0.007250198145915186,1.7986199348027103,0.02167878605216381,0.15093981488477448,3.156984704933767,1.997189571109074,1.4284042095314327e-07,6.5868400291117695,1
2700.0,0.007261422862973611,1.8014076987876981,0.021694701102120663,0.1509573014973692,3.1611612036416914,1.9971852886460844,1.427553941792536e-07,7.638313833992669,1
2710.0,0.0072726619004552275,1.8041991364422296,0.021710616014193124,0.15097478795666516,3.165316829346229,1.997180996494556,1.4272639425236013e-07,5.620571564738249,1
2720.0,0.007283915185500138,1.8069942290848633,0.02172653078830508,0.15099227426257486,3.169451686104393,1.9971766950375358,1.4277050315697657e-07,7.415175763791064,1
2730.0,0.00729518264560293,1.809792958125069,0.021742445424378937,0.15100976041500902,3.173565877462348,1.9971723846787512,1.429067713809858e-07,7.315198751676721,1
2740.0,0.007306464208610367,1.8125953050626382,0.02175835992233547,0.1510272464138765,3.1776595064582582,1.99716806584481,1.431563091512389e-07,6.23076580399341,1
2750.0,0.007317759802719082,1.8154012514870945,0.021774274282093626,0.15104473225908407,3.181732675625132,1.997163738987399,1.4354237766915385e-07,6.658860687416772,1
2760.0,0.00732906935647327,1.8182107790771032,0.021790188503570347,0.15106221795053623,3.185785486993673,1.9971594045854835,1.4409048034631454e-07,6.885996995556576,1
2770.0,0.0073403927996106046,1.8210238698149317,0.021806102586896754,0.15107970348838365,3.18981804142436,1.997155060506725,1.4458333900122553e-07,7.441076056884272,1
2780.0,0.0073517300618639965,1.8238405056826557,0.021822016532112916,0.15109718887267243,3.193830439556023,1.9971507057329838,1.449065787102652e-07,5.876077136275665,1
2790.0,0.007363081072191343,1.8266606684668756,0.021837930338971755,0.15111467410311838,3.1978227824159657,1.9971463427533493,1.4527073420633314e-07,5.5538539795650035,1
2800.0,0.007374445760634778,1.8294843402300835,0.021853844007413744,0.15113215917965306,3.201795169950725,1.9971419717707635,1.4567340051726587e-07,7.298402613163093,1
2810.0,0.007385824057585296,1.83231150312422,0.021869757537379707,0.15114964410220838,3.205747701608614,1.997137592986463,1.461111601027201e-07,6.363418331699702,1
2820.0,0.007397215893780999,1.8351421393902252,0.0218856709288108,0.15116712887071665,3.2096804763421303,1.9971332066004632,1.4657951488366693e-07,6.459563652724492,1
2830.0,0.0074086212003053415,1.8379762313575887,0.02190158418164846,0.1511846134851105,3.213593592610371,1.997128812812043,1.4707281827188615e-07,6.843732752943293,1
2840.0,0.007420039908585366,1.8408137614438984,0.02191749729583437,0.15120209794532286,3.2174871483814433,1.9971244118202283,1.4758420719946055e-07,5.964113203569918,1
2850.0,0.007431471950389954,1.843654712154393,0.021933410271310405,0.15121958225128682,3.221361241134876,1.9971200038242758,1.4810553414827023e-07,7.921404581389738,1
2860.0,0.007442917257828063,1.8464990660815086,0.02194932310801861,0.15123706640293572,3.22521596786403,1.9971155890241588,1.4862729917948676e-07,6.489441459803401,1
2870.0,0.007454375763346976,1.8493468059044311,0.021965235805901148,0.15125455040020302,3.229051425078514,1.997111167621049,1.4913858196306768e-07,6.53751266498757,1
2880.0,0.007465847399825639,1.8521979144124427,0.021981148364952213,0.15127203424308205,3.2328677088008844,1.997106739182785,1.4967010735113267e-07,8.194878665443085,1
2890.0,0.007477332100542199,1.8550523744967877,0.02199706078520121,0.15128951793160655,3.2366649145709037,1.9971023028493893,1.5028025049360903e-07,5.7765515720219,1
2900.0,0.007488829798816896,1.8579101690613016,0.0220129730665186,0.1513070014656276,3.2404431374692733,1.9970978597063762,1.5089379490316682e-07,7.015247987256485,1
2910.0,0.007500340428454551,1.860771281133127,0.022028885208858543,0.15132448484509237,3.2442024720933866,1.9970934098188424,1.5150335665884954e-07,6.729067044827388,1
2920.0,0.00751186392359161,1.8636356938244272,0.02204479721217625,0.15134196806994937,3.2479430125688173,1.9970889532415512,1.5210073941652874e-07,6.464670571729435,1
2930.0,0.007523400218694478,1.8665033903319597,0.022060709076428004,0.1513594511401483,3.2516648525517224,1.9970844900188374,1.5267690574795647e-07,6.120119723036245,1
2940.0,0.0075349492485578436,1.8693743539366465,0.022076620801571155,0.1513769340556401,3.2553680852312508,1.9970800201845127,1.5322194847981734e-07,6.532554990803521,1
2950.0,0.007546510948303013,1.8722485680031467,0.02209253238756413,0.1513944168163769,3.259052803331948,1.9970755437617713,1.5372506203278107e-07,6.561886184893863,1
2960.0,0.007558085253376237,1.875126015979427,0.02210844383436645,0.15141189942231212,3.262719099116165,1.9970710607630957,1.5417451376055459e-07,5.2902587015664535,1
2970.0,0.007569672099547042,1.8780066813963339,0.022124355141938713,0.15142938187340046,3.266367064386462,1.9970665711901612,1.5455761528893438e-07,7.351106678696904,1
2980.0,0.007581271422906558,1.8808905478671663,0.022140266310242625,0.15144686416959785,3.269996790488017,1.997062075033742,1.5486069385485881e-07,6.824809277334233,1
2990.0,0.0075928831598186235,1.8837775990753196,0.02215617733922472,0.15146434631084274,3.273608368337757,1.9970575724724517,1.55111792079083e-07,5.805257185564077,1
3000.0,0.007604507246805307,1.8866678187453745,0.022172088228777476,0.1514818282970115,3.2772018884906022,1.997053064347565,1.5548269527324843e-07,5.34112638804872,1
3010.0,0.007616143621057832,1.8895611907721037,0.022187998978916018,0.15149931012812148,3.2807774408517947,1.997048550004857,1.5582514957046673e-07,6.249439442983173,1
3020.0,0.007627792219917475,1.8924576990893862,0.02220390958959976,0.15151679180412597,3.2843351149721203,1.9970440294729452,1.561389640927214e-07,6.492870622535284,1
3030.0,0.007639452981036896,1.8953573277109383,0.022219820060788605,0.15153427332497882,3.2878749999580736,1.9970395027769525,1.564245134690494e-07,7.371433128542186,1
3040.0,0.0076511258423783875,1.8982600607298652,0.022235730392442924,0.15155175469063448,3.2913971844743073,1.9970349699387364,1.5668277900880262e-07,7.648851781534059,1
3050.0,0.007662810742212128,1.9011658823182136,0.022251640584523537,0.1515692359010478,3.294901756746083,1.9970304309771207,1.5691538987490984e-07,6.820509994240332,1
3060.0,0.007674507619114437,1.9040747767265238,0.022267550636991682,0.1515867169561742,3.298388804561722,1.997025885908125,1.571246642571383e-07,5.864440130467755,1
3070.0,0.0076862164119660265,1.9069867282833821,0.022283460549809012,0.1516041978559696,3.301858415275054,1.9970213347451953,1.5731365054535555e-07,7.537982046711084,1
3080.0,0.007697937059950251,1.9099017213949723,0.022299370322937564,0.15162167860039028,3.305310675807869,1.997016777499435,1.5748616850279115e-07,6.896160604738111,1
3090.0,0.007709669502551362,1.912819740544628,0.022315279956339737,0.15163915918939294,3.308745672652366,1.9970122141798339,1.5764685043929839e-07,5.570081686247283,1
3100.0,0.007721413679558248,1.9157407702938183,0.022331189449975992,0.1516566396229321,3.312163491859993,1.9970076448216436,1.5779910827201769e-07,7.772606420038106,1
3110.0,0.007733169531192006,1.9186647953154707,0.022347098803750656,0.15167411990089777,3.3155642187230194,1.9970030701501786,1.5789627098030164e-07,7.041656971798938,1
3120.0,0.007744936997739475,1.9215918002982781,0.022363008017664637,0.15169160002329093,3.3189479386819385,1.9969984897096302,1.5797954491559296e-07,7.569531539663165,1
3130.0,0.007756716019881206,1.9245217700323562,0.022378917091677344,0.15170907999006483,3.322314736509813,1.996993903555111,1.580533721375871e-07,6.962182716764763,1
3140.0,0.007768506538590891,1.9274546893829871,0.02239482602574804,0.15172655980117267,3.325664696559937,1.9969893117457964,1.5812284289237158e-07,7.300219548567664,1
3150.0,0.007780308495133652,1.9303905432901816,0.022410734819835798,0.15174403945656728,3.328997902768186,1.9969847143453614,1.5819372157668135e-07,7.466444698457815,1
3160.0,0.007792121831064332,1.9333293167682426,0.02242664347389949,0.1517615189562014,3.332314438655368,1.9969801114224168,1.5827247270215415e-07,6.969021924684617,1
3170.0,0.007803946488225796,1.9362709949053276,0.022442551987897724,0.1517789983000274,3.3356143873295716,1.9969755030509468,1.5836628685958583e-07,7.503765896879427,1
3180.0,0.007815782408747215,1.9392155628630106,0.022458460361788824,0.15179647748799727,3.3388978314885196,1.9969708893107445,1.5848310668318566e-07,6.594056137907724,1
3190.0,0.007827629535042364,1.9421630058758448,0.022474368595530786,0.15181395652006272,3.3421648534219166,1.9969662702878501,1.5863165281483171e-07,6.515641169926656,1
3200.0,0.007839487809807909,1.945113309250927,0.022490276689081237,0.151831435396175,3.345415535013802,1.9969616460749866,1.5882144986832622e-07,8.081388062274524,1
3210.0,0.007851357176021711,1.9480664583674578,0.022506184642397408,0.15184891411628487,3.3486499577448985,1.9969570167719972,1.5906285239365088e-07,7.499532544474698,1
3220.0,0.007863237577447463,1.9510224388054094,0.022522092455501106,0.1518663926804174,3.351868202133584,1.9969523816948018,1.592155194855018e-07,7.48569880261174,1
3230.0,0.007875128957375563,1.9539812360244853,0.02253800012831722,0.15188387108848617,3.3550703491323106,1.9969477413413104,1.5936478721446476e-07,7.091407064607727,1
3240.0,0.007887031259606225,1.9569428356147847,0.02255390766080016,0.15190134934043872,3.3582564790380975,1.9969430958524674,1.5952693417845433e-07,8.386067416649045,1
3250.0,0.007898944428267633,1.959907223250428,0.02256981505291065,0.1519188274362299,3.3614266716946277,1.996938445294306,1.5970313082089137e-07,8.126344373594867,1
3260.0,0.007910868407764539,1.9628743846764531,0.022585722304609358,0.1519363053758144,3.364581006549671,1.9969337897360313,1.5989433346676588e-07,6.457479509691188,1
3270.0,0.007922803142776717,1.9658443057084196,0.02260162941585683,0.15195378315914684,3.367719562657262,1.9969291292502154,1.601012636918986e-07,6.112710841503982,1
3280.0,0.007934748578257413,1.9688169722320086,0.02261753638661351,0.15197126078618173,3.370842418679879,1.99692446391299,1.6032438769220298e-07,8.167341181069707,1
3290.0,0.00794670465943179,1.9717923702026277,0.022633443216839706,0.15198873825687334,3.3739496528906203,1.9969197938042402,1.6056389565294686e-07,6.079658707402682,1
3300.0,0.007958671331795382,1.974770485645011,0.02264934990649558,0.15200621557117586,3.377041343175383,1.9969151190077976,1.6081968111801455e-07,7.470743132353498,1
3310.0,0.007970648541112532,1.9777513046528232,0.022665256455541127,0.15202369272904326,3.3801175670350405,1.9969104396116342,1.6109132035916846e-07,5.969610773436087,1
3320.0,0.007982636233414853,1.9807348133882607,0.022681162863936163,0.1520411697304293,3.38317840158762,1.996905755708055,1.61378051745311e-07,6.686249112281241,1
3330.0,0.007994634355361735,1.983720998173813,0.02269706913170047,0.15205864657535673,3.3862239232033944,1.9969010666605873,1.6167566756854665e-07,6.848203789337267,1
3340.0,0.008006642853437588,1.986709845287931,0.02271297525878063,0.15207612326376402,3.389254208319374,1.9968963727268827,1.619833257469608e-07,7.107518003395562,1
3350.0,0.008018661674397182,1.9897013410783773,0.022728881245124295,0.15209359979559098,3.392269332988397,1.9968916741538048,1.6229971829519538e-07,6.380718103457113,1
3360.0,0.008030690765362761,1.9926954719869416,0.022744787090696553,0.15211107617079744,3.39526937278128,1.9968869709778063,1.6262220937219996e-07,5.3876556608888055,1
3370.0,0.008042730073719506,1.9956922245228326,0.022760692795462785,0.15212855238934356,3.3982544028933965,1.996882263233679,1.6294769276958322e-07,6.994225155202429,1
3380.0,0.00805477954711413,1.9986915852623148,0.02277659835938869,0.15214602845118988,3.401224498146718,1.9968775509544683,1.6327257011049207e-07,5.793902262656696,1
3390.0,0.008066839133453463,2.001693540848347,0.02279250378244029,0.15216350435629725,3.4041797329918513,1.9968728341713906,1.6359272904849078e-07,7.494026427927413,1
3400.0,0.00807890878090303,2.0046980779902173,0.02280840906458391,0.15218098010462697,3.407120181510076,1.996868112913747,1.6390352146644028e-07,7.067561605510074,1
3410.0,0.008090988437885646,2.0077051834631825,0.02282431420578623,0.15219845569614063,3.4100459174153848,1.9968633872088397,1.6419974167537731e-07,7.302926640826984,1
3420.0,0.008103078053079995,2.010714844108105,0.022840219206014246,0.1522159311308003,3.4129570140565226,1.9968586570818863,1.644756046133936e-07,6.974843802977272,1
3430.0,0.00811517757541922,2.0137270468310886,0.022856124065235305,0.15223340640856842,3.415853544419022,1.9968539225559372,1.647247240445151e-07,5.684099900304753,1
3440.0,0.008127286954419492,2.0167417786878383,0.022872028783407685,0.15225088152939692,3.4187355806314956,1.99684918376958,1.650633381637715e-07,7.128463555539291,1
3450.0,0.008139406139550111,2.019759026721938,0.022887933360498533,0.15226835649324802,3.4216031949118695,1.9968444407525132,1.6549555291403657e-07,6.9953827498590115,1
3460.0,0.008151535080327668,2.0227787779890294,0.02290383779648114,0.152285831300091,3.424456459425836,1.9968396934595782,1.6594901682157077e-07,6.835948482474671,1
3470.0,0.008163673726710053,2.025801019657967,0.02291974209132368,0.15230330594988917,3.427295445694827,1.996834941911825,1.6642258901421173e-07,8.398377052374066,1
3480.0,0.008175822028902968,2.028825738961145,0.022935646244994674,0.15232078044260636,3.430120224886621,1.9968301861278634,1.669145759808553e-07,8.12684332389255,1
3490.0,0.008187979937358442,2.0318529231941125,0.02295155025746302,0.15233825477820676,3.432930867817484,1.9968254261237546,1.674226854865815e-07,7.466232223676071,1
3500.0,0.008200147402773353,2.034882559715199,0.022967454128697985,0.15235572895665497,3.435727444954304,1.9968206619129034,1.6794398048778056e-07,9.10542747713119,1
3510.0,0.008212324376087946,2.0379146359451323,0.02298335785866922,0.1523732029779161,3.438510026416726,1.996815893505951,1.6847483304727906e-07,7.494460933839992,1
3520.0,0.008224510808484357,2.0409491393666594,0.022999261447346767,0.15239067684195565,3.4412786819792904,1.9968111209106665,1.6901087824946564e-07,7.3383652168163,1
3530.0,0.008236706651385135,2.0439860575241675,0.023015164894701068,0.1524081505487396,3.4440334810735673,1.9968063441318398,1.6954696811541734e-07,6.990024468678083,1
3540.0,0.008248911856451756,2.0470253780233048,0.02303106820070297,0.1524256240982344,3.446774492790295,1.9968015631711729,1.700771255180254e-07,6.644986665792442,1
3550.0,0.008261126375583148,2.0500670885305996,0.023046971365323733,0.15244309749040696,3.4495017858815142,1.9967967780271731,1.7059449809712125e-07,6.933761038078359,1
3560.0,0.008273350160914218,2.0531111767730836,0.02306287438853504,0.1524605707252247,3.4522154287627065,1.9967919886950452,1.7109131217460269e-07,8.85020479859115,1
3570.0,0.008285583164814357,2.0561576305379106,0.02307877727030901,0.15247804380265553,3.4549154895149288,1.9967871951665825,1.7155882666955976e-07,7.806406135656302,1
3580.0,0.008297825339885975,2.059206437671976,0.023094680010618183,0.15249551672266784,3.4576020358869495,1.9967823974300605,1.7198728701340075e-07,7.284162908628114,1
3590.0,0.008310076638963014,2.0622575860815404,0.02311058260943556,0.15251298948523054,3.460275135297387,1.9967775954701283,1.723658790649783e-07,8.384643464223164,1
3600.0,0.008322337015109474,2.065311063731848,0.023126485066734592,0.15253046209031307,3.4629348548368433,1.9967727892677007,1.7268268302571523e-07,9.204326966931388,1
