time,sclerostin_bone,sclerostin_sensor,rankl_bone,opg_bone,osteocytes,osteoblasts,osteoclasts,biosensor_signal,detection_event
0.0,0.09851953819134471,0.025000000000000005,0.7069751688771849,5.118406500628775,1.0,1.0,1.0,2.3972470067666283,1
10.0,0.004424674285779879,0.9666333362794517,0.05451709391035154,0.3961121100063865,1.005229771357218,1.0483508457677349,0.9048398614194725,2.7346139518366486,1
20.0,0.0039090838450406016,0.9726024064491645,0.025147450786905414,0.1834342637582551,1.0109067164392287,1.0946852975145027,0.8187329989174726,3.043932974571388,1
30.0,0.003909461458850337,0.9734173699364377,0.023842421594027535,0.17388235792344092,1.017006177247311,1.1387618305772962,0.7408202705905758,2.4636624118508013,1
40.0,0.003912713323176885,0.9742088273052985,0.023801745410446027,0.1734805704471834,1.0235040622487872,1.1806886728630546,0.6703219181050989,2.4752493698646085,1
50.0,0.003916008112435856,0.9750054105493069,0.02381822851159729,0.17349110918567054,1.0303774686438114,1.2205706550642936,0.6065323708912675,1.7604091472296153,1
60.0,0.003919331150136972,0.9758075702706706,0.02383751943463395,0.17352062097085133,1.037604627903679,1.2585075055891972,0.5488132017143283,2.784449635210478,1
70.0,0.0039226830098321,0.9766155868835543,0.02385717701432123,0.17355150065980743,1.0451648503863367,1.294594089070465,0.4965867379081479,2.593418296263905,1
80.0,0.003926064422079486,0.97742972240565,0.023877037335116556,0.173582624463155,1.0530384724416986,1.32892064437866,0.44933026082268573,2.0595436918680177,1
90.0,0.003929476090545558,0.9782502231408688,0.023897115635972084,0.1736141623986029,1.0612068057486492,1.3615730126503471,0.40657072615616363,2.3152279627761083,1
100.0,0.003932918682435767,0.9790773205400027,0.023917397534320473,0.17364606716407122,1.0696520913891596,1.3926328439974582,0.36788020704387664,2.9539088977047907,1
110.0,0.003936392716457191,0.9799112330686696,0.023937862632379278,0.1736782451398801,1.0783574549551338,1.4221777995697498,0.332871639085939,2.9404254862599095,1
120.0,0.003939898780470559,0.9807521648135697,0.023958502648352656,0.1737106877785916,1.0873068595638704,1.4502817630337979,0.30119457977525443,3.4555255650672922,1
130.0,0.0039434374068797965,0.9816003073546067,0.023979312764840593,0.17374340910066424,1.096485068254518,1.4770150098288422,0.2725320257878061,2.6906601433097315,1
140.0,0.003947009069471231,0.9824558404825673,0.02400028349572672,0.17377638695092515,1.105877602784429,1.502444392629066,0.24659706165367953,1.9443911291405533,1
150.0,0.003950614221808625,0.9833189323968314,0.0240214067815439,0.17380960722879865,1.1154707086958346,1.5266334985844512,0.22313016306170694,2.7643987024354284,1
160.0,0.003954253282057449,0.9841897404794497,0.024042675627008993,0.17384306138229605,1.125251317932319,1.5496428175919619,0.20189643720542652,2.601288915608027,1
170.0,0.003957926636289924,0.985068411797346,0.024064082790485327,0.17387673702218662,1.1352070166829928,1.5715298870377967,0.18268338116347985,2.5920190880859457,1
180.0,0.003961634642985223,0.9859550836030357,0.024085621466440017,0.17391062296453352,1.1453260125943778,1.5923494393874829,0.1652986968236386,2.555130326807544,1
190.0,0.003965377632358635,0.98684988384143,0.02410728529089909,0.17394470936441672,1.1555971047192153,1.6121535374580365,0.1495683898902297,2.342199877857239,1
200.0,0.003969155908337201,0.9877529316108004,0.02412906813859093,0.17397898633799622,1.166009654626326,1.6309917044655837,0.13533503021660157,2.643987222954275,1
210.0,0.0039729697500640775,0.9886643376112043,0.02415096418723569,0.17401344451508557,1.1765535585433526,1.648911049425332,0.12245615521508674,2.6034634507341203,1
220.0,0.0039768194129219305,0.9895842045609649,0.024172967914917104,0.17404807510048395,1.1872192217051571,1.665956382624569,0.11080287445543639,2.828204856060981,1
230.0,0.003980705129906304,0.9905126276241838,0.02419507405997754,0.17408286966675465,1.1979975318246094,1.6821703350482005,0.1002584952844929,2.302031132085713,1
240.0,0.003984627112625737,0.9914496947458097,0.024217277617714666,0.17411782019529531,1.2088798383425337,1.697593451790202,0.09071750572603961,3.1390051081595605,1
250.0,0.003988585552376965,0.9923954870151682,0.02423957383059758,0.17415291907601627,1.219857929918188,1.712264293387057,0.08208451054813322,2.707095050936448,1
260.0,0.003992580621308647,0.9933500790527258,0.02426195817269022,0.17418815906964058,1.2309240104658425,1.726219543698079,0.07427314653689665,2.381815478220697,1
270.0,0.003996612473449906,0.9943135393523591,0.02428442633655486,0.17422353327933485,1.2420706779444142,1.7394941053941029,0.06720518281128159,2.3331727797617576,1
280.0,0.004000681245578962,0.9952859305721814,0.02430697422443501,0.17425903514333863,1.253290906333446,1.7521211811036024,0.06080981139522883,2.552131743841046,1
290.0,0.004004787058040399,0.9962673098079734,0.024329597939908583,0.17429465842763492,1.2645780286834498,1.7641323497236376,0.05502301385382986,2.5680243047339477,1
300.0,0.004008930015609155,0.9972577288808184,0.024352293777044016,0.17433039720331628,1.2759257192818174,1.7755576467133494,0.04978689985478411,2.6390312474195072,1
310.0,0.0040131102083115,0.9982572346112145,0.02437505821057392,0.17436624582870522,1.2873279766527634,1.7864256406353292,0.04504912467769816,2.41031466301761,1
320.0,0.00401732771227751,0.99926586910316,0.024397887885549665,0.1744021989296376,1.2987791059437543,1.7967635124563042,0.04076223773689446,2.4489701670888078,1
330.0,0.00402158259038428,1.0002836699603976,0.024420779611745203,0.17443825140099603,1.3102737055048077,1.806597115978837,0.03688332679056191,2.380199695368541,1
340.0,0.004025874893022896,1.001310670541689,0.024443730353986233,0.1744743983863087,1.3218066510533124,1.8159510491388844,0.03337348705356695,2.9238776321789612,1
350.0,0.00403020465862898,1.0023469001380396,0.024466737226197202,0.1745106352691663,1.3333730846597458,1.8248487036081504,0.03019761974491989,2.8575611009890944,1
360.0,0.004034571914389554,1.0033923842083747,0.024489797482288727,0.1745469576530688,1.344968400123871,1.8333123306400532,0.027323958021645608,2.9010376085859613,1
370.0,0.004038976676827076,1.0044471445751553,0.024512908510266558,0.174583361356843,1.3565882308259243,1.8413630957776654,0.024723769155196394,2.089134199715758,1
380.0,0.004043418952386612,1.005511199620438,0.024536067825236072,0.1746198424021534,1.36822843754954,1.8490211336887723,0.022371032038858284,3.118924742481196,1
390.0,0.004047898737961865,1.0065845644617288,0.02455927306392677,0.1746563970081077,1.3798850975529846,1.8563055973831453,0.020242193737698127,2.5589942187590173,1
400.0,0.004052416021400756,1.0076672511205649,0.024582521978128647,0.17469302157658273,1.3915544940886069,1.8632347054126817,0.01831594641947444,2.8578713985218402,1
410.0,0.004056970782012893,1.0087592686922937,0.024605812429150782,0.17472971268517734,1.4032331058494871,1.8698257893991415,0.016572991953126334,2.6655794459459976,1
420.0,0.004061562990995489,1.009860623488336,0.024629142382559487,0.17476646707687007,1.4149175981149023,1.876095333916612,0.014995893379606022,2.6931438169723445,1
430.0,0.004066192611892496,1.0109713191898095,0.024652509903307737,0.17480328165470382,1.4266048131949416,1.8820590195279656,0.01356887254800879,2.627761431179458,1
440.0,0.004070859601010993,1.0120913569865635,0.024675913150753466,0.17484015347284662,1.438291761775447,1.887731761769528,0.012277654910174537,2.4889836843178177,1
450.0,0.004075563907835909,1.0132207357158811,0.024699350373908552,0.17487707972925678,1.449975614284022,1.8931277500409105,0.011109312669090281,2.755309843750343,1
460.0,0.004080305475385468,1.0143594519812809,0.024722819907192356,0.17491405775815214,1.461653693485063,1.89826048096371,0.010052152226946463,2.586052587276354,1
470.0,0.004085084240577906,1.0155075002752272,0.02474632016624384,0.17495108502365808,1.4733234668337245,1.9031427928250744,0.009095594030465544,2.6663966735166666,1
480.0,0.004089900134578531,1.0166648730951688,0.02476984964392566,0.17498815911355536,1.4849825392418006,1.9077868981674482,0.008230062185018844,2.6702103589388893,1
490.0,0.00409475308312083,1.0178315610509758,0.024793406906608247,0.17502527773339052,1.4966286463751715,1.9122044139860148,0.007446893568671569,3.416257304027594,1
500.0,0.004099643006809481,1.019007552966299,0.024816990590648423,0.17506243870081886,1.5082596483267114,1.9164063902363198,0.006738252397662959,2.4226936789420117,1
510.0,0.004104569821418234,1.020192835978267,0.024840599398883497,0.17509963993973726,1.519873523391989,1.9204033378792582,0.006097048626163864,2.444327460130779,1
520.0,0.004109533438176538,1.0213873956334025,0.024864232097331657,0.17513687947517925,1.5314683620786123,1.924205255874538,0.00551686300913981,3.1186038161113796,1
530.0,0.0041145337640248565,1.0225912159731132,0.024887887512204904,0.17517415542845502,1.5430423617597784,1.927821655274825,0.004991888259245587,2.8549983441785014,1
540.0,0.004119570701867762,1.0238042796184232,0.02491156452699374,0.1752114660126642,1.5545938213747357,1.931261583108736,0.004516870849753812,2.4215710298156314,1
550.0,0.004124644150813861,1.0250265678503252,0.024935262079643333,0.17524880952802258,1.5661211364000664,1.9345336450449315,0.004087057715127565,2.209092716010174,1
560.0,0.0041297540064118,1.0262580606888232,0.024958979159812864,0.17528618435753818,1.5776227939017444,1.9376460276926855,0.003698145388650273,3.2177414710244188,1
570.0,0.004134900160853648,1.027498736961095,0.0249827148064813,0.17532358896308894,1.5890973682597442,1.940606517875478,0.003346242425523201,2.841116676655047,1
580.0,0.004140082503186169,1.0287485743722895,0.025006468105495363,0.17536102188159175,1.6005435167299307,1.9434225226369088,0.0030278275478723715,2.6931771304403394,1
590.0,0.004145300919507152,1.0300075495713326,0.025030238187267666,0.1753984817212926,1.6119599753143536,1.9461010878585538,0.002739714128042499,2.9095597514418516,1
600.0,0.00415055529315336,1.0312756382139439,0.02505402422457768,0.1754359671582609,1.6233455548040874,1.948648916101235,0.0024790175372667264,2.8148157411305377,1
610.0,0.004155845504869392,1.0325528150192858,0.025077825430583983,0.1754734769331802,1.6346991372157547,1.9510723826743455,0.002243129158773182,3.0107926688523032,1
620.0,0.0041611714329788906,1.0338390538273963,0.02510164105681515,0.1755110098481366,1.646019672179544,1.9533775519234826,0.0020296886805056613,2.4070580691878924,1
630.0,0.004166532953547115,1.0351343276537393,0.025125470391260552,0.17554856476357142,1.6573061735056225,1.9555701927151352,0.0018365594876956542,2.4589467121340878,1
640.0,0.004171929940528153,1.0364386087386317,0.025149312756636025,0.17558614059550806,1.6685577160672638,1.9576557924958449,0.0016618085940706077,2.291043358680898,1
650.0,0.004177362265907844,1.0377518685952414,0.025173167508698736,0.17562373631285805,1.679773432772408,1.9596395709533014,0.0015036873235084926,2.803863602984943,1
660.0,0.0041828297998409755,1.0390740780556726,0.025197034034625115,0.17566135093481283,1.690952511653601,1.9615264931446013,0.0013606135448769594,3.2957918125339907,1
670.0,0.004188332410785299,1.0404052073159942,0.025220911751428425,0.17569898352831798,1.7020941930233027,1.963321282330268,0.0012311547098030327,3.1063918394005263,1
680.0,0.004193869965617971,1.0417452259753996,0.025244800104575818,0.17573663320585456,1.7131977669921628,1.9650284311744988,0.0011140153043569666,3.076635129759243,1
690.0,0.004199442329754843,1.0430941030763203,0.025268698566575164,0.17577429912318612,1.7242625709284547,1.9666522132102369,0.0010080231369287923,2.722054476440567,1
700.0,0.0042050493672612385,1.0444518071417008,0.02529260663565697,0.1758119804772437,1.7352879870931246,1.9681966935137516,0.0009121176210336709,2.9607518149405117,1
710.0,0.0042106909409607785,1.0458183062116169,0.02531652383448013,0.1758496765040566,1.7462734403154643,1.9696657391963568,0.000825338472215084,2.688123995546887,1
720.0,0.004216366912529246,1.0471935678749098,0.02534044970900801,0.17588738647694996,1.7572183959772625,1.9710630285075421,0.0007468173680086616,2.864927434827721,1
730.0,0.0042220771425923835,1.0485775593021263,0.025364383827340898,0.17592510970467898,1.7681223579162415,1.9723920603014014,0.0006757686061933239,3.210776797159541,1
740.0,0.004227821490817302,1.0499702472763275,0.025388325778621042,0.17596284552967595,1.7789848664612924,1.9736561629097793,0.0006114810151890323,2.816950760295181,1
750.0,0.004233599815996963,1.0513715982215914,0.025412275172017315,0.17600059332642598,1.7898054966107304,1.9748585023715937,0.0005533110731613159,2.978597716778572,1
760.0,0.004239411976129744,1.0527815782298682,0.025436231635766172,0.17603835249993124,1.8005838563123249,1.9760020902039916,0.0005006767024127494,2.9513971607802216,1
770.0,0.004245257828497381,1.0542001530872995,0.025460194816231276,0.17607612248420548,1.8113195847767913,1.9770897910228398,0.00045305124937482927,3.153013449014929,1
780.0,0.004251137229740239,1.0556272882996414,0.025484164376994002,0.17611390274081903,1.8220123508466164,1.978124329914127,0.00040995789878335305,2.6270013432193053,1
790.0,0.004257050035923545,1.057062949114671,0.025508139998047786,0.1761516927576092,1.8326618515519517,1.9791082989632018,0.0003709653754487146,3.2141153510855514,1
800.0,0.004262996102603879,1.058507100544685,0.025532121374989277,0.17618949204738618,1.843267810660654,1.9800441638103314,0.00033568348284881955,2.672022129842557,1
810.0,0.004268975284891446,1.059959707387583,0.02555610821825816,0.1762273001467158,1.8538299773162479,1.9809342698104158,0.0003037591959914435,2.6544706951814105,1
820.0,0.004274987437511572,1.0614207342476951,0.025580100252385864,0.17626511661471755,1.8643481246915765,1.981780848122092,0.00027487284858725424,2.8311791804221818,1
830.0,0.004281032414857025,1.062890145553546,0.025604097215349723,0.17630294103203034,1.8748220488324698,1.982586020941304,0.00024873539227400634,2.4480412387403927,1
840.0,0.004287110071042784,1.064367905576434,0.025628098857899257,0.17634077299973488,1.885251567450969,1.9833518069619664,0.00022508528130235107,3.009196229948283,1
850.0,0.004293220259956784,1.065853978447671,0.025652104942928414,0.17637861213834863,1.89563651880154,1.984080126462977,0.00020368581497212993,2.74617644456239,1
860.0,0.004299362835307894,1.0673483281748948,0.025676115244879887,0.17641645808687262,1.9059767606148803,1.9847728061359107,0.000184322756848037,3.2103180153006363,1
870.0,0.0043055376506694375,1.0688509186568946,0.025700129549200642,0.17645431050191981,1.9162721691239808,1.985431583497294,0.00016680235048429135,2.3504823518365447,1
880.0,0.004311744559522869,1.0703617136984866,0.025724147651795842,0.17649216905684123,1.9265226380871934,1.9860581113143478,0.00015094928359425197,3.7957379805784015,1
890.0,0.0043179834152993445,1.0718806770246874,0.02574816935850688,0.17653003344089052,1.9367280778547387,1.9866539618351233,0.00013660484878815483,2.732200697059779,1
900.0,0.004324254071416822,1.073407772293396,0.02577219448464095,0.1765679033584712,1.9468884145280305,1.9872206306006739,0.00012362547391007336,2.9197125801649397,1
910.0,0.004330556381316393,1.0749429631078151,0.025796222854509648,0.17660577852839798,1.95700358913509,1.9877595401847477,0.00011188127447660697,2.252418281110947,1
920.0,0.004336890198496814,1.0764862130282729,0.02582025430098824,0.1766436586831916,1.9670735568433422,1.9882720437651191,0.00010125473716446355,3.2408621875322847,1
930.0,0.004343255376548291,1.0780374855837949,0.025844288665083547,0.17668154356838708,1.9770982861877802,1.9887594286257222,9.16394584008519e-05,3.072452438124487,1
940.0,0.004349651769181362,1.0795967442820409,0.025868325795558485,0.17671943294193285,1.9870777584010741,1.9892229191996478,8.293921547042892e-05,3.1710735578683167,1
950.0,0.00435607923025674,1.0811639526195553,0.025892365548545522,0.17675732657357207,1.9970119667238893,1.9896636802012448,7.506694379393163e-05,3.446051190068539,1
960.0,0.004362537613809827,1.0827390740902436,0.025916407787221797,0.17679522424432276,2.006900915825917,1.9900828192595508,6.794403620817213e-05,2.933700994358082,1
970.0,0.0043690267740860295,1.0843220721974554,0.02594045238135925,0.17683312574575769,2.0167446210022173,1.99048139056378,6.149901559468047e-05,3.20610560943335,1
980.0,0.004375546565549499,1.0859129104571847,0.025964499207182214,0.17687103087977651,2.026543107922666,1.9908603960174467,5.566772538497857e-05,2.9770766922021132,1
990.0,0.004382096842929919,1.0875115524139891,0.025988548146784887,0.17690893945767355,2.0362964115895066,1.9912207899594585,5.039134924721278e-05,2.657592320276766,1
1000.0,0.004388677461217852,1.089117961639711,0.02601259908814396,0.1769468513001578,2.046004576365774,1.9915634790615173,4.561731054215025e-05,2.419450542236401,1
1010.0,0.004395288275708311,1.0907321017483234,0.026036651924573218,0.17698476623648013,2.0556676549996244,1.9918893267484967,4.129750501240898e-05,3.147556065922817,1
1020.0,0.0044019291420029595,1.09235393639694,0.02606070655465716,0.1770226841043271,2.0652857085106486,1.9921991537357802,3.738871426284675e-05,2.498857122078386,1
1030.0,0.004408599916036545,1.0939834292949306,0.02608476288190386,0.17706060474926516,2.074858805570861,1.9924937408431096,3.385181346625329e-05,2.939607844599622,1
1040.0,0.0044153004540928775,1.095620544209537,0.02610882081451938,0.17709852802437995,2.0843870221044973,1.9927738308224188,3.065136100290585e-05,2.9709738423146845,1
1050.0,0.004422030612818287,1.0972652449706493,0.02613288026521096,0.17713645378996104,2.093870440939506,1.9930401299530678,2.7755451107729192e-05,3.0478514809041273,1
1060.0,0.004428790249242068,1.0989174954779157,0.026156941150909645,0.17717438191305807,2.1033091513141566,1.9932933102894996,2.513509933526464e-05,2.8010027399062225,1
1070.0,0.004435579220786191,1.100577259704262,0.026181003392617343,0.17721231226723608,2.112703248607455,1.9935340109006678,2.2764160794982676e-05,2.8105692683730523,1
1080.0,0.00444239738528397,1.1022445017024085,0.026205066915149833,0.17725024473216397,2.122052833882358,1.9937628399529315,2.061888278637122e-05,3.2804614808648322,1
1090.0,0.004449244600987089,1.1039191856074893,0.02622913164701537,0.17728817919342046,2.1313580136728896,1.9939803756937533,1.8677846128791368e-05,2.6522903717611133,1
1100.0,0.004456120726584707,1.1056012756437177,0.02625319752015246,0.1773261155420742,2.1406188995180107,1.9941871685767802,1.6921522140323785e-05,2.626348487567718,1
1110.0,0.004463025621205118,1.1072907361252047,0.026277264469871137,0.1773640536745899,2.1498356078614114,1.9943837417376735,1.5332414677063807e-05,2.9399224320861617,1
1120.0,0.004469959144437388,1.1089875314634734,0.026301332434561325,0.17740199349236158,2.1590082595324382,1.994570593357749,1.3894488584075548e-05,2.8210102097075884,1
1130.0,0.004476921156328538,1.1106916261667776,0.02632540135568643,0.17743993490170232,2.168136979739969,1.994748196715656,1.2593453884017843e-05,2.3200882410789285,1
1140.0,0.0044839115174056315,1.1124029848477675,0.02634947117748635,0.1774778778133689,2.1772218975437054,1.9949170025945242,1.1416197688069645e-05,3.1927275550841716,1
1150.0,0.004490930088671751,1.1141215722223994,0.02637354184698571,0.17751582214257483,2.1862631458743325,1.9950774392148334,1.0351020884116888e-05,3.027523410839622,1
1160.0,0.004497976731626049,1.1158473531169217,0.02639761331372024,0.17755376780855275,2.195260861046879,1.9952299144521843,9.387209655655773e-06,2.7483723727516978,1
1170.0,0.004505051308259816,1.1175802924668143,0.02642168552974458,0.1775917147345666,2.204215182779949,1.9953748157739462,8.515178227840615e-06,3.2102027440281593,1
1180.0,0.004512153681074565,1.1193203553231135,0.02644575844938129,0.17762966284751022,2.213126253749915,1.9955125122731925,7.726145029426358e-06,2.691925435461647,1
1190.0,0.00451928371307733,1.1210675068510916,0.0264698320292382,0.17766761207793483,2.2219942196271867,1.995643354528216,7.012267454101229e-06,3.01959216459487,1
1200.0,0.00452644126779792,1.1228217123363073,0.026493906227966903,0.17770556235966273,2.2308192286474515,1.9957676765597117,6.366332446255076e-06,3.131740109763195,1
1210.0,0.004533626209282921,1.1245829371828435,0.026517981006295738,0.17774351362983995,2.239601431676044,1.995885795563381,5.781929297927217e-06,2.9079489108100582,1
1220.0,0.004540838402112248,1.1263511469191263,0.026542056326796338,0.1777814658285626,2.248340981793662,1.9959980138019058,5.253144747477913e-06,2.6981936481380644,1
1230.0,0.004548077711392567,1.1281263071959635,0.026566132153923925,0.17781941889894162,2.2570380343738345,1.9961046182782083,4.77473300848283e-06,3.4347223480457023,1
1240.0,0.004555344002771929,1.1299083837917225,0.02659020845380619,0.17785737278676444,2.265692746708747,1.9962058824466389,4.341867111195432e-06,2.914436772154326,1
1250.0,0.004562637142429867,1.1316973426092436,0.026614285194324027,0.1778953274406246,2.2743052781591935,1.9963020655585668,3.950312264273039e-06,3.3114227947432586,1
1260.0,0.004569956997100941,1.1334931496840221,0.026638362344793404,0.17793328281141246,2.282875789588485,1.9963934152404332,3.5960918742896473e-06,3.336844400147646,1
1270.0,0.0045773034340700425,1.1352957711828748,0.02666243987598431,0.17797123885234536,2.291404443401398,1.9964801673402544,3.2755634981531105e-06,2.975800178090956,1
1280.0,0.004584676321145629,1.137105173395174,0.026686517760403636,0.17800919551942063,2.2998914040567477,1.9965625436353405,2.98578984676703e-06,2.9614404263177097,1
1290.0,0.004592075526723685,1.1389213227546435,0.026710595971493598,0.1780471527701325,2.3083368366337726,1.9966407583279024,2.723666752822542e-06,2.769637987331846,1
1300.0,0.004599500919754625,1.1407441858284584,0.026734674483990303,0.17808511056404602,2.316740907480521,1.9967150151395403,2.4863823606062714e-06,3.405324789656782,1
1310.0,0.004606952369707972,1.1425737293055878,0.026758753274310033,0.1781230688634154,2.3251037849119736,1.9967855041804368,2.2718975431830518e-06,3.6068092030285457,1
1320.0,0.004614429746651863,1.1444099200238418,0.02678283231956008,0.17816102763160072,2.333425637439829,1.996852409965945,2.0778746967530218e-06,2.429858547295729,1
1330.0,0.004621932921215228,1.1462527249573689,0.026806911597954886,0.17819898683373406,2.3417066345242135,1.9969159080438978,1.9021937772904217e-06,3.2415460415315307,1
1340.0,0.004629461764560477,1.1481021112076868,0.026830991089108407,0.17823694643718732,2.349946947102888,1.996976162625412,1.7432889012166365e-06,2.821352757319911,1
1350.0,0.004637016148432019,1.1499580460203036,0.02685507077341326,0.17827490641057872,2.35814674648244,1.9970333316161835,1.5995421823113185e-06,2.2905231788498246,1
1360.0,0.004644595945146274,1.151820496781591,0.026879150632124368,0.17831286672390648,2.3663062044931538,1.997087565938652,1.4694089293756957e-06,3.253830709392799,1
1370.0,0.004652201027569072,1.153689431011389,0.026903230647597205,0.17835082734893032,2.3744254939208207,1.997139007601286,1.3516522350564134e-06,2.7240636405737804,1
1380.0,0.004659831269135774,1.1555648163700554,0.026927310803006366,0.17838878825872087,2.3825047880071293,1.9971877919791312,1.2451342687864395e-06,3.3822826015051652,1
1390.0,0.004667486543857377,1.1574466206607823,0.026951391082234554,0.1784267494274821,2.3905442602554228,1.997234048713687,1.1487527565779774e-06,2.7951017840050825,1
1400.0,0.004675166726303631,1.1593348118241058,0.02697547147004487,0.17846471083082702,2.398544084743881,1.9972779003164602,1.0615659995840984e-06,2.9950939384080537,1
1410.0,0.004682871691610488,1.1612293579406792,0.026999551951952607,0.1785026724455725,2.4065044359006293,1.9973194632079527,9.827273645390449e-07,3.372302083838327,1
1420.0,0.00469060131548959,1.163130227234748,0.027023632514070448,0.17854063424949154,2.4144254882313696,1.9973588489723493,9.114230345271644e-07,3.191187760690201,1
1430.0,0.004698355474214154,1.1650373880695803,0.027047713143249563,0.17857859622153902,2.422307416576349,1.9973961632137798,8.469451434654447e-07,3.261900768838615,1
1440.0,0.004706134044620221,1.166950808948137,0.027071793827027967,0.17861655834176915,2.4301503960225346,1.9974315059748289,7.886769564192778e-07,3.4271157069791283,1
1450.0,0.00471393690412115,1.1688704585182503,0.027095874553412797,0.1786545205909869,2.4379546015187348,1.9974649735012517,7.359863145812977e-07,3.708522573358479,1
1460.0,0.004721763930691345,1.170796305567323,0.027119955311048452,0.17869248295101725,2.445720208180903,1.9974966568790689,6.883312079807047e-07,3.3524643651348693,1
1470.0,0.004729615002862618,1.172728319021326,0.027144036089226498,0.17873044540472086,2.4534473913143806,1.997526641954386,6.45284765522172e-07,3.4346800555316928,1
1480.0,0.004737489999744616,1.1746664679520062,0.0271681168775933,0.17876840793552623,2.4611363258955796,1.9975550117026528,6.063602602287365e-07,3.441923650689519,1
1490.0,0.004745388801006452,1.1766107215708632,0.027192197666345116,0.17880637052774204,2.4687871869253595,1.99758184464773,5.711480221014868e-07,3.0770383222404156,1
1500.0,0.004753311286871014,1.1785610492274385,0.027216278446265365,0.17884433316661663,2.4764001495000447,1.9976072145596397,5.393411088827017e-07,3.2606755865326993,1
1510.0,0.004761257338135077,1.1805174204164388,0.027240359208432534,0.17888229583787063,2.4839753882940188,1.997631192821926,5.105871825533168e-07,2.994148547406614,1
1520.0,0.004769226836153059,1.1824798047724188,0.027264439944391494,0.17892025852797108,2.491513077870258,1.9976538470431138,4.845890548761996e-07,3.4917188269731443,1
1530.0,0.004777219662831586,1.1844481720681328,0.027288520646190906,0.17895822122419133,2.499013392751135,1.9976752407536014,4.611062311016683e-07,3.0179900275882434,1
1540.0,0.0047852357006445264,1.1864224922199762,0.027312601306148175,0.1789961839142348,2.5064765070038932,1.9976954353105354,4.3989218611743465e-07,3.1876747659543496,1
1550.0,0.004793274832620981,1.1884027352840763,0.027336681916972198,0.17903414658643158,2.513902594463772,1.997714488902854,4.2073132657846683e-07,3.2135646698080276,1
1560.0,0.0048013369423317385,1.1903888714517976,0.027360762471915365,0.17907210922998154,2.521291829008086,1.99773245531959,4.034560120374289e-07,3.389307830195884,1
1570.0,0.0048094219139192965,1.1923808710604817,0.027384842964321678,0.17911007183423122,2.5286443837575874,1.9977493876119046,3.87881380125308e-07,3.0748927067866063,1
1580.0,0.004817529632076064,1.1943787045860759,0.027408923387891408,0.1791480343890973,2.5359604315509228,1.997765335948248,3.7384320311517535e-07,3.6484222762462966,1
1590.0,0.004825659982048629,1.1963823426448732,0.02743300373658519,0.17918599688491318,2.5432401447784683,1.9977803483915555,3.611838988003328e-07,2.8642238603232753,1
1600.0,0.004833812849637035,1.198391755993507,0.02745708400459735,0.17922395931238633,2.550483695339161,1.9977944711154156,3.497484957038273e-07,2.775407667990621,1
1610.0,0.004841988121147991,1.200406915512832,0.027481164186967916,0.17926192166357766,2.557691255731905,1.9978077434442103,3.3951027385354153e-07,3.599691093150933,1
1620.0,0.0048501856834698215,1.20242779223439,0.027505244278506386,0.17929988393017915,2.564862997147949,1.9978202065750967,3.3035363289555193e-07,3.452375979731994,1
1630.0,0.004858405424049882,1.2044543573327555,0.02752932427406809,0.17933784610395617,2.5719990899660834,1.9978319013381014,3.221315895623338e-07,3.4297552308907395,1
1640.0,0.004866647230871469,1.206486582117711,0.027553404168837572,0.17937580817720095,2.57909970426022,1.997842865899739,3.147246900616545e-07,3.2896928819477336,1
1650.0,0.004874910992464032,1.2085244380380633,0.027577483958150215,0.1794137701424471,2.5861650094867445,1.9978531372085646,3.080061753587179e-07,3.297300517022992,1
1660.0,0.0048831965978603205,1.2105678966668658,0.02760156363805522,0.17945173199337078,2.5931951754882285,1.9978627464324958,3.0196549812669275e-07,2.77708975367572,1
1670.0,0.004891503936610238,1.2126169297065257,0.027625643205084698,0.17948969372442097,2.600190372087629,1.997871720830366,2.966600579539916e-07,2.7047105528578324,1
1680.0,0.004899832898881172,1.2146715090242373,0.027649722654812036,0.17952765532851223,2.6071507665331546,1.997880095434876,2.919049909914245e-07,3.8238174635759914,1
1690.0,0.0049081833753413405,1.2167316066113205,0.027673801983448227,0.1795656167995796,2.6140765263364396,1.9978879001158492,2.87620258509909e-07,3.157136213737254,1
1700.0,0.004916555257193932,1.2187971945954446,0.027697881187326846,0.17960357813175432,2.6209678183624145,1.9978951637539837,2.8372091774723827e-07,3.407030323521947,1
1710.0,0.004924948436165084,1.2208682452366244,0.027721960263040673,0.17964153931958246,2.627824809075484,1.997901913133526,2.801461497118852e-07,3.3085401964625016,1
1720.0,0.004933362804437164,1.2229447309038575,0.027746039208370595,0.17967950035951163,2.63464766618918,1.9979081654145492,2.7704817832148677e-07,3.0602112763779936,1
1730.0,0.004941798254826002,1.2250266241381136,0.02777011801968037,0.17971746124572144,2.6414365540550904,1.9979139492458946,2.74267931693836e-07,3.387520617884907,1
1740.0,0.004950254680631354,1.2271138975996538,0.02779419669404541,0.17975542197353034,2.6481916374381926,1.9979192875131726,2.7176613165135367e-07,2.9843094841846156,1
1750.0,0.004958731975675432,1.2292065240819265,0.027818275228656902,0.17979338253844218,2.654913080465313,1.9979242021680759,2.695044772690363e-07,3.419920354879451,1
1760.0,0.004967230034301073,1.2313044765111683,0.02784235362081076,0.17983134293612837,2.6616010466097375,1.9979287143176454,2.674448730052334e-07,3.1984970428843567,1
1770.0,0.0049757487513357275,1.2334077279334483,0.027866431868460887,0.17986930316331345,2.668255699667828,1.9979328397407126,2.656255209231881e-07,3.2905477606687237,1
1780.0,0.004984288022156623,1.235516251538898,0.02789050996910181,0.1799072632159867,2.674877201798618,1.9979365979430563,2.640094422601288e-07,3.0523316047860782,1
1790.0,0.004992847742649506,1.2376300206468258,0.027914587920408563,0.17994522309042635,2.681465714652764,1.997940006971644,2.6257237286401064e-07,3.3842563257208296,1
1800.0,0.0050014278092071155,1.2397490087054313,0.027938665720220645,0.1799831827831738,2.6880213993482815,1.99794308354478,2.613013041359039e-07,2.6879593380332767,1
1810.0,0.005010028118731143,1.2418731892928054,0.02796274336646826,0.18002114229091562,2.69454441634489,1.9979458436496986,2.601851667879461e-07,3.1259622825508595,1
1820.0,0.005018648568626258,1.2440025361146416,0.027986820857285016,0.18005910161066396,2.7010349256407626,1.9979483016293351,2.592104160092912e-07,3.538803985077001,1
1830.0,0.005027289056802286,1.246137023005707,0.028010898190871856,0.18009706073953877,2.707493086542964,1.9979504712849727,2.5836498550604133e-07,3.018581019976688,1
1840.0,0.005035949481675522,1.248276623930923,0.028034975365386964,0.18013501967459145,2.713919057482417,1.9979523667683143,2.5764136735413935e-07,3.1396508275672996,1
1850.0,0.0050446297421606005,1.2504213129820756,0.028059052379124625,0.18017297841309135,2.7203129963240293,1.9979540011321668,2.570299716021293e-07,3.621630550680498,1
1860.0,0.005053329737670519,1.2525710643782977,0.02808312923044456,0.18021093695241244,2.7266750602492396,1.9979553869029805,2.5652087958397457e-07,3.681528106050722,1
1870.0,0.005062049368109273,1.2547258524631617,0.028107205917922914,0.18024889529027516,2.733005406018643,1.9979565348572612,2.561142962372035e-07,3.21267274610003,1
1880.0,0.005070788533862612,1.2568856517009257,0.028131282440558417,0.1802868534250762,2.739304190329272,1.9979574523508346,2.5583479361416766e-07,3.788428784059488,1
1890.0,0.005079547135833388,1.2590504366931143,0.02815535879665524,0.18032481135410072,2.745571567901942,1.9979581523720868,2.556546301098298e-07,3.3992527203122638,1
1900.0,0.005088325075404105,1.2612201821618911,0.028179434984866712,0.18036276907519264,2.751807693275232,1.9979586450837132,2.555655425888916e-07,3.637747557532494,1
1910.0,0.005097122254445278,1.2633948629543283,0.028203511003879363,0.18040072658624903,2.7580127202671325,1.997958940383273,2.5555711447091327e-07,3.604793020723688,1
1920.0,0.005105938575313418,1.2655744540419473,0.028227586852404594,0.18043868388520673,2.7641868019644216,1.9979590479705431,2.556162826815497e-07,3.56088393160592,1
1930.0,0.005114773940849029,1.2677589305202601,0.02825166252917038,0.1804766409700292,2.7703300907120445,1.9979589774148727,2.557268446037864e-07,2.8104465988964145,1
1940.0,0.005123628254374595,1.2699482676083087,0.028275738032912945,0.180514597838693,2.776442738102489,1.997958738222534,2.5586896502917566e-07,2.6286970118620703,1
1950.0,0.005132501419692574,1.2721424406482076,0.028299813362368458,0.18055255448917468,2.7825248949651673,1.997958339904077,2.560186831090727e-07,3.265253305999782,1
1960.0,0.005141393341083386,1.2743414251046838,0.028323888516264707,0.18059051091943729,2.7885767113557915,1.9979577920416831,2.5614741930587194e-07,3.491850177332194,1
1970.0,0.005150303923289154,1.2765451965582835,0.028347963493710823,0.18062846712805433,2.7945983372298544,1.9979571011309234,2.562574468762061e-07,3.3520669229235844,1
1980.0,0.005159233071385382,1.278753730648775,0.028372038297716506,0.18066642311984188,2.8005899284948605,1.9979562420612758,2.5670013462347985e-07,3.1863872635378656,1
1990.0,0.0051681806911656825,1.2809670032465703,0.02839611292438328,0.18070437888855986,2.806551628436774,1.9979552457091792,2.5719956502168485e-07,3.3544784690891385,1
2000.0,0.005177146688786747,1.2831849902953685,0.028420187372755038,0.18074233443267723,2.8124835846540357,1.9979541191100534,2.577428533719538e-07,2.714547303391583,1
2010.0,0.00518613097087177,1.2854076678585584,0.0284442616418652,0.1807802897506463,2.8183859439861108,1.9979528693878843,2.58313597078491e-07,3.332025489458987,1
2020.0,0.005195133444508415,1.2876350121187445,0.02846833573072928,0.18081824484089065,2.8242588525043866,1.997951503815399,2.588914626154784e-07,2.8229225850093376,1
2030.0,0.0052041540172467655,1.2898669993772731,0.028492409638337463,0.1808561997017933,2.830102455503075,1.997950029874244,2.5945177249398155e-07,3.379122208616836,1
2040.0,0.005213192597097293,1.2921036060537605,0.028516483363647177,0.18089415433168496,2.8359168974901103,1.9979484553151616,2.5996509222885565e-07,3.5370253884482334,1
2050.0,0.00522224909252881,1.294344808685618,0.02854055690557566,0.1809321087288319,2.8417023221780515,1.9979467882181658,2.603968173056517e-07,3.2566572175864987,1
2060.0,0.005231323412466432,1.29659058392758,0.028564630262992545,0.18097006289142423,2.847458872474981,1.9979450370527203,2.607067601475224e-07,2.792439004789479,1
2070.0,0.0052404154662895365,1.298840908551231,0.02858870343471241,0.18100801681756395,2.853186690475406,1.9979432107379138,2.6084873708212803e-07,2.850524201516073,1
2080.0,0.0052495251635851815,1.3010957593276824,0.02861277642752925,0.18104597051812388,2.8588859312038712,1.9979412535324177,2.614092945211192e-07,3.5371863728029487,1
2090.0,0.005258652414755245,1.3033551133181842,0.028636849236175804,0.18108392398467318,2.8645567283462783,1.997939207441131,2.620151270814089e-07,4.094388562682228,1
2100.0,0.005267797130523549,1.3056189476391158,0.02866092185945743,0.18112187721529907,2.8701992218446417,1.997937081468482,2.6261551742038276e-07,3.3854804195036428,1
2110.0,0.0052769592220420465,1.3078872395132282,0.02868499429668564,0.18115983020889892,2.8758135518015244,1.9979348805206525,2.6319906264718565e-07,3.620104478110043,1
2120.0,0.005286138600904387,1.3101599662766252,0.028709066547157526,0.18119778296434694,2.881399857593409,1.9979326096241032,2.6375247942488354e-07,3.282560273394986,1
2130.0,0.0052953351791437744,1.3124371053782449,0.02873313861015154,0.1812357354804876,2.886958277867057,1.9979302739598999,2.642604444655664e-07,3.7230153302586846,1
2140.0,0.0053045488692308315,1.3147186343793393,0.02875721048492324,0.18127368775612865,2.8924889505358586,1.9979278788980375,2.647054350254503e-07,3.6766687958342934,1
2150.0,0.005313779584071461,1.317004530952955,0.028781282170701056,0.18131163979003442,2.8979920127761942,1.9979254300317673,2.650675693999803e-07,4.112580134905127,1
2160.0,0.00532302723700471,1.3192947728834132,0.028805353666682056,0.18134959158091915,2.903467601023786,1.9979229332119215,2.653244474189324e-07,3.1376758012531374,1
2170.0,0.0053322917418006325,1.321589338065791,0.028829424972027708,0.18138754312743996,2.908915850970055,1.997920394581239,2.654509909415167e-07,3.0866446082357983,1
2180.0,0.005341573012583623,1.323888204451621,0.028853496091009158,0.181425494436432,2.914336906234397,1.997917778878457,2.6572948501168225e-07,3.417928465242738,1
2190.0,0.005350870963993914,1.3261913501664524,0.028877567021696502,0.18146344550480567,2.919730899311335,1.997915101097232,2.6606832919324985e-07,3.303585743159305,1
2200.0,0.005360185511093095,1.3284987534427002,0.02890163776233487,0.18150139632975168,2.925097962316462,1.9979123748161092,2.663862211208243e-07,3.5119141821828723,1
2210.0,0.005369516569344785,1.330810392606715,0.028925708312528345,0.18153934691063553,2.9304382289846,1.997909602604403,2.666835697927029e-07,3.5119132620822215,1
2220.0,0.005378864054632008,1.3331262460923443,0.02894977867188733,0.18157729724683294,2.9357518323943896,1.997906786983465,2.6696111092015127e-07,3.7570925804926314,1
2230.0,0.0053882278832550114,1.3354462924403865,0.028973848840027062,0.18161524733772738,2.9410389049692505,1.9979039304388635,2.6721991203821646e-07,3.3376507960986,1
2240.0,0.005397607971929096,1.337770510298042,0.028997918816566087,0.18165319718270753,2.9462995784783392,1.9979010354325641,2.6746137761653935e-07,3.3076692709594893,1
2250.0,0.005407004237782433,1.3400988784183647,0.02902198860112477,0.18169114678116507,2.9515339840375105,1.9978981044151105,2.6768725417016794e-07,3.2629164841665963,1
2260.0,0.0054164165983538876,1.3424313756597153,0.02904605819332377,0.1817290961324921,2.9567422521102764,1.997895139837804,2.678996353703698e-07,3.4385220240643264,1
2270.0,0.005425844971590845,1.3447679809852102,0.02907012759278256,0.1817670452360788,2.9619245125087654,1.9978921441648851,2.681009671554452e-07,3.707367724892861,1
2280.0,0.005435289275933358,1.3471086734760163,0.02909419680035006,0.18180499409328313,2.9670808963050495,1.997889109901491,2.6829674874207286e-07,3.525277953391774,1
2290.0,0.005444749430162946,1.3494534323069096,0.029118265815976124,0.181842942704024,2.9722115325343434,1.9978860368410438,2.6849088395289255e-07,3.953630577359565,1
2300.0,0.00545422535340236,1.3518022367460407,0.029142334638737718,0.18188089106682342,2.9773165482388473,1.9978829318533,2.686857468460155e-07,3.384190330726485,1
2310.0,0.005463716965225082,1.3541550661722879,0.029166403268431368,0.18191883918135493,2.982396070940033,1.9978797959805616,2.688856743458246e-07,2.9303374613346973,1
2320.0,0.005473224185603622,1.3565119000667705,0.029190471704864863,0.18195678704731014,2.9874502275437895,1.9978766301769364,2.690954249495399e-07,2.928823883185016,1
2330.0,0.005482746934907412,1.3588727180123117,0.02921453994785663,0.1819947346643977,2.9924791443427354,1.997873435313452,2.6932018574631593e-07,3.8066360153890866,1
2340.0,0.005492285133900681,1.3612374996928989,0.02923860799723511,0.18203268203234224,2.9974829470185314,1.9978702121831693,2.695655794363396e-07,2.6946647394557957,1
2350.0,0.005501838703740343,1.3636062248931469,0.02926267585283811,0.18207062915088346,3.0024617606441906,1.9978669615062945,2.698376713499279e-07,3.6362145219403343,1
2360.0,0.005511407565973884,1.365978873497758,0.02928674351451218,0.18210857601977493,3.007415709686393,1.9978636839352937,2.701429764666256e-07,3.6893065605064015,1
2370.0,0.00552099164253724,1.3683554254909849,0.029310810982111975,0.18214652263878328,3.012344918007794,1.9978603800600043,2.704884664343027e-07,3.311876475801595,1
2380.0,0.00553059085594459,1.3707358610068048,0.029334878255275965,0.18218446900732915,3.0172495081925996,1.9978570522267374,2.7082015834451607e-07,4.237558347781592,1
2390.0,0.005540205129095306,1.3731201602779246,0.029358945333648342,0.18222241512484233,3.0221296022221864,1.9978537027385967,2.710842286703537e-07,3.1454983738837132,1
2400.0,0.005549834384875935,1.3755083035306233,0.02938301221733975,0.18226036099149912,3.0269853228735233,1.9978503301183401,2.7135372598480616e-07,3.3348220700521094,1
2410.0,0.005559478546779412,1.3779002711484036,0.029407078906202568,0.18229830660706245,3.0318167915304306,1.9978469349865748,2.7162972632353076e-07,3.001276586750549,1
2420.0,0.0055691375386775245,1.3802960436118867,0.029431145400092965,0.18233625197130143,3.0366241289808045,1.9978435179361254,2.719134833188261e-07,3.551168934882327,1
2430.0,0.005578811284818753,1.3826956014982608,0.02945521169887033,0.1823741970839902,3.0414074554190815,1.997840079536726,2.7220644942031883e-07,3.4045003792175668,1
2440.0,0.005588499709826112,1.3850989254807313,0.029479277802396685,0.18241214194490712,3.0461668904487116,1.9978366203397149,2.7251029711565013e-07,3.8756673324797095,1
2450.0,0.005598202738694988,1.3875059963279723,0.02950334371053611,0.182450086553834,3.0509025530846223,1.9978331408827272,2.7282694015116256e-07,2.9180815530821373,1
2460.0,0.0056079202967909796,1.3899167949035742,0.029527409423154148,0.18248803091055477,3.0556145617556902,1.9978296416943901,2.731585547525866e-07,3.535890652480444,1
2470.0,0.005617652309847736,1.3923313021654953,0.029551474940117242,0.18252597501485493,3.0603030343072075,1.9978261232990142,2.735076008457272e-07,3.238077203393529,1
2480.0,0.005627398703964799,1.394749499165511,0.029575540261292138,0.18256391886652049,3.06496808800335,1.9978225862212893,2.738768432771506e-07,3.864347195020904,1
2490.0,0.005637159405605439,1.397171367048664,0.029599605386545314,0.18260186246533694,3.0696098395296465,1.997819030990977,2.7426937303487085e-07,3.1631671741894927,1
2500.0,0.005646934341594499,1.3995968870527145,0.029623670315742392,0.18263980581108846,3.074228404995447,1.9978154581476042,2.746886284690365e-07,3.1533716801695446,1
2510.0,0.005656723439116229,1.4020260405075895,0.029647735048747563,0.1826777489035569,3.0788238999363906,1.9978118682451576,2.751384165126171e-07,3.824092618760641,1
2520.0,0.00566652662571213,1.4044588088348333,0.029671799585422997,0.18271569174252092,3.0833964393168736,1.997808261856776,2.756229339020903e-07,3.470157942231567,1
2530.0,0.005676343829278791,1.4068951735470572,0.029695863925628268,0.18275363432775502,3.0879461375325183,1.9978046395794458,2.761467883981276e-07,3.151477695209718,1
2540.0,0.00568617497943201,1.4093351165943029,0.029719928069727515,0.18279157665984122,3.0924731070844813,1.9978009979352076,2.765764536395031e-07,3.7838889390081984,1
2550.0,0.005696020004044895,1.411778619485028,0.029743992017303135,0.18282951873811035,3.0969774619451287,1.9977973397668207,2.769911723292411e-07,3.458446055065765,1
2560.0,0.005705878831927254,1.414225663966428,0.029768055768151745,0.18286746056223616,3.101459314953776,1.997793666188707,2.774110186614305e-07,3.710322191795059,1
2570.0,0.005715751392437521,1.4166762319259032,0.029792119322140164,0.18290540213200474,3.105918778194296,1.99778997775067,2.778360575149767e-07,3.413848919873468,1
2580.0,0.005725637615282406,1.4191303053401823,0.02981618267913119,0.1829433434471957,3.110355963190252,1.997786275037853,2.7826646650839845e-07,3.644416234646531,1
2590.0,0.0057355374305148215,1.4215878662747963,0.02984024583898305,0.1829812845075814,3.1147709809072817,1.9977825586751663,2.787025482474573e-07,3.5808437511787874,1
2600.0,0.0057454507685318085,1.424048896883549,0.029864308801548865,0.18301922531292594,3.1191639417554775,1.9977788293317151,2.791447425727868e-07,2.9112450889082835,1
2610.0,0.005755377560072466,1.4265133794079916,0.029888371566676068,0.18305716586298443,3.1235349555917704,1.9977750877252285,2.7959363880752176e-07,3.4485873219031973,1
2620.0,0.005765317736215879,1.4289812961768944,0.029912434134205888,0.18309510615750196,3.1278841317223125,1.9977713346264852,2.8004998800492754e-07,3.199656919481244,1
2630.0,0.005775271228379046,1.4314526296057173,0.029936496503972794,0.18313304619621285,3.1322115789048577,1.997767570863744,2.8051471519602954e-07,3.469895193623848,1
2640.0,0.005785237968314808,1.4339273621960853,0.029960558675803932,0.18317098597883966,3.136517405351146,1.9977637973271694,2.8098893163724217e-07,3.126142030749551,1
2650.0,0.005795217888109775,1.4364054765352592,0.02998462064951859,0.18320892550509238,3.140801718729284,1.9977600149732615,2.814739470579983e-07,2.4605805845761566,1
2660.0,0.005805210920182256,1.4388869552956076,0.030008682424927654,0.18324686477466762,3.145064626166127,1.9977562248292826,2.819712819083787e-07,3.7741822374018086,1
2670.0,0.0058152169972801844,1.4413717812340805,0.030032744001833044,0.18328480378724754,3.1493062342496647,1.9977524279976855,2.824826796067408e-07,4.07467170251993,1
2680.0,0.005825236052479049,1.4438599371916812,0.030056805380027175,0.18332274254249914,3.153526649031399,1.9977486256605415,2.830101187873487e-07,3.7293622686989476,1
2690.0,0.005835268019861719,1.4463514062610212,0.0300808665602971,0.18336068104168135,3.157725976614338,1.9977448109478495,2.835328786442088e-07,3.5554553430032754,1
2700.0,0.0058453128344869544,1.448846171778542,0.030104927544380627,0.1833986192875747,3.161904323130112,1.9977409692929993,2.840085412304496e-07,3.389857483805705,1
2710.0,0.005855370429083949,1.451344216509728,0.030128988330098628,0.18343655727669073,3.1660617919044425,1.9977371178516263,2.844841671581491e-07,2.9482832663980303,1
2720.0,0.005865440738108378,1.4538455236488734,0.030153048917333627,0.1834744950088407,3.1701984869445954,1.9977332570864899,2.8495974657308657e-07,3.6339355605945145,1
2730.0,0.005875523696339353,1.456350076473228,0.030177109305965105,0.18351243248383095,3.1743145117386278,1.9977293874875695,2.8543535585106644e-07,3.4358033352333766,1
2740.0,0.005885619238877542,1.458857858342514,0.030201169495869217,0.18355036970146246,3.178409969257924,1.9977255095743287,2.8591116373976727e-07,3.776167692644607,1
2750.0,0.0058957273011432665,1.4613688526984425,0.030225229486918515,0.18358830666153053,3.182484961959736,1.997721623897977,2.863874375005913e-07,3.5823435557285244,1
2760.0,0.005905847818874623,1.463883043064231,0.030249289278981663,0.18362624336382416,3.186539591789721,1.9977177310437335,2.8686454905051366e-07,3.736252838665952,1
2770.0,0.005915980728125584,1.4664004130441213,0.03027334887192315,0.1836641798081257,3.1905739601844796,1.99771383163309,2.873429811039317e-07,4.247497906093311,1
2780.0,0.00592612596526411,1.4689209463228958,0.030297408265603024,0.18370211599421035,3.1945881680740924,1.997709926326074,2.878233333145144e-07,3.5605946867371827,1
2790.0,0.005936283466970261,1.4714446266653942,0.030321467459876593,0.18374005192184584,3.1985823158846602,1.9977060158235111,2.8830632841705153e-07,3.348837043042926,1
2800.0,0.005946453170234303,1.4739714379160331,0.030345526454594162,0.18377798759079175,3.202556503540842,1.9977021008692888,2.8879281836930323e-07,3.2161297402753486,1
2810.0,0.00595663501235482,1.4765013639983189,0.03036958524960074,0.18381592300079927,3.2065108304683907,1.9976981822526196,2.8928379049384895e-07,3.71333020000301,1
2820.0,0.00596682893093682,1.4790343889143691,0.03039364384473576,0.18385385815161065,3.2104453955966945,1.997694260810303,2.897803736199371e-07,4.011883487089934,1
2830.0,0.005977034863889849,1.481570496744427,0.030417702239832797,0.18389179304295875,3.2143602973613126,1.99769033742899,2.9028384422533416e-07,3.152445332777616,1
2840.0,0.005987252749426098,1.4841096716463797,0.030441760434719294,0.18392972767456664,3.2182556337065145,1.9976864130474452,2.907956325781743e-07,3.558747328054378,1
2850.0,0.005997482527796304,1.4866518982848367,0.03046581843159733,0.18396766204995788,3.2221315032821702,1.997682469377594,2.912815780054444e-07,3.9897333486677833,1
2860.0,0.006007724137242248,1.4891971608306191,0.030489876229500196,0.18400559616758455,3.2259880026658134,1.997678513793812,2.917551637277834e-07,3.5171274389474396,1
2870.0,0.006017977516419521,1.4917454435596247,0.0305139338276143,0.1840435300261437,3.2298252280316024,1.9976745524330426,2.92227641540679e-07,4.26215550611294,1
2880.0,0.00602824260482225,1.4942967309577975,0.030537991225863398,0.1840814636255126,3.2336432754460636,1.9976705854636514,2.9269926135892586e-07,3.2645614546181636,1
2890.0,0.006038519342243917,1.496851007587835,0.030562048424172154,0.1841193969655698,3.237442240501358,1.9976666130490657,2.931703308310854e-07,3.662533404858846,1
2900.0,0.00604880766877565,1.4994082580887482,0.030586105422466096,0.18415733004619542,3.241222218317947,1.9976626353480176,2.9364121773722587e-07,3.6364748981591637,1
2910.0,0.006059107524804513,1.5019684671754256,0.03061016222067159,0.18419526286727078,3.244983303547252,1.9976586525147888,2.941123523866616e-07,3.758954067426444,1
2920.0,0.006069418851011801,1.5045316196381942,0.030634218818715805,0.18423319542867858,3.2487255903743204,1.9976546646994529,2.9458423001569295e-07,3.4942816770834404,1
2930.0,0.006079741588371327,1.5070977003423818,0.03065827521652669,0.18427112773030271,3.252449172520488,1.9976506720481204,2.9505741318534577e-07,3.808167740910728,1
2940.0,0.006090075678147715,1.5096666942278791,0.030682331414032937,0.1843090597720283,3.256154143246042,1.9976466747031816,2.9553253417911113e-07,3.8860645926101682,1
2950.0,0.006100421061894694,1.5122385863087022,0.03070638741116394,0.18434699155374154,3.259840595352884,1.9976426728035512,2.9601029740068473e-07,3.2400215978254625,1
2960.0,0.006110777681453386,1.514813361672554,0.03073044320784978,0.18438492307532975,3.2635086211871935,1.9976386664849115,2.96491481771707e-07,3.792310447139387,1
2970.0,0.006121145478950599,1.5173910054803879,0.030754498804021178,0.1844228543366813,3.2671583126420916,1.9976346558799556,2.9697694312950216e-07,3.87919997966428,1
2980.0,0.0061315243967971205,1.5199715029659673,0.03077855419960947,0.18446078533768548,3.270789761160303,1.9976306411186329,2.9746761662481836e-07,3.855032349988803,1
2990.0,0.006141914377686003,1.5225548394354298,0.030802609394546588,0.18449871607823262,3.27440305773682,1.9976266223283905,2.9796451911956705e-07,3.88271459129795,1
3000.0,0.006152315364883835,1.5251410003413615,0.030826664388855597,0.18453664655835886,3.277998292606409,1.9976225989025382,2.984631388415208e-07,3.814393625926,1
3010.0,0.006162727302953099,1.5277299714665111,0.03085071918287462,0.18457457677860453,3.281575554467375,1.997618567691683,2.989395661571518e-07,3.0271298224035808,1
3020.0,0.006173150134317476,1.530321738050238,0.030874773776195127,0.18461250673831506,3.2851349341771625,1.9976145315799672,2.994162646728316e-07,3.9757943857559583,1
3030.0,0.0061835838028467946,1.5329162857002723,0.030898828168771094,0.184650436437416,3.2886765208967765,1.997610490525434,2.998933609480417e-07,4.037914539074332,1
3040.0,0.006194028252689127,1.5355136000956766,0.030922882360558315,0.1846883658758358,3.2922004033479446,1.9976064444735575,3.003709886865172e-07,4.330194527611125,1
3050.0,0.006204483428269217,1.5381136669864444,0.030946936351514416,0.18472629505350593,3.2957066698156363,1.9976023933571483,3.008492885345794e-07,3.991597642836309,1
3060.0,0.0062149492742869065,1.5407164721930948,0.030970990141598872,0.18476422397036069,3.299195408150578,1.9975983370962573,3.013284078794696e-07,3.6373039999048404,1
3070.0,0.006225425735715562,1.5433220016062712,0.030995043730772998,0.1848021526263374,3.302666705771771,1.9975942755980811,3.0180850064768214e-07,4.487386918107246,1
3080.0,0.006235912757800504,1.5459302411863356,0.03101909711899998,0.1848400810213764,3.30612064966901,1.9975902087568669,3.022897271032977e-07,3.8218950250446193,1
3090.0,0.006246410286057432,1.548541176962967,0.031043150306244875,0.18487800915542096,3.3095573264053986,1.997586136453817,3.0277225364631644e-07,3.7023812747279377,1
3100.0,0.006256918266270853,1.5511547950347575,0.03106720329247463,0.1849159370284174,3.3129768221198668,1.9975820585569934,3.032562526109916e-07,3.463733849755435,1
3110.0,0.006267436644492507,1.5537710815688084,0.031091256077658072,0.1849538646403151,3.316379222529689,1.997577974921224,3.037419020641623e-07,3.801273051221633,1
3120.0,0.006277965367039794,1.556390022800328,0.03111530866176594,0.18499179199106638,3.319764612933001,1.9975738853880047,3.0422938560358706e-07,4.441900332029831,1
3130.0,0.006288504380494208,1.559011605032227,0.031139361044770886,0.18502971908062674,3.3231330782113178,1.997569789785407,3.047188921562771e-07,3.9943784489372574,1
3140.0,0.006299053631699751,1.5616358146347156,0.031163413226647486,0.1850676459089547,3.3264847028320483,1.9975656879279815,3.052106157768295e-07,3.654029462153213,1
3150.0,0.006309613067761373,1.5642626380449005,0.03118746520737225,0.1851055724760119,3.329819570851016,1.9975615796166624,3.0570475544576033e-07,3.594531328901856,1
3160.0,0.006320182636862219,1.5668920619795297,0.03121151698644988,0.1851434987810048,3.3331377638260653,1.9975574684842319,3.0619665724121473e-07,3.6881468836271196,1
3170.0,0.006330762286597257,1.5695240730012252,0.03123556856387648,0.18518142482392647,3.3364393650666453,1.9975533541766257,3.066866904220352e-07,4.1050466704279405,1
3180.0,0.006341351964454417,1.5721586576437347,0.03125961993986032,0.18521935060510938,3.3397244584048957,1.997549234619828,3.07177383612943e-07,3.903522490441621,1
3190.0,0.006351951618617707,1.5747958026209967,0.03128367111435621,0.1852572761244805,3.3429931261453096,1.9975451097989643,3.076686508156557e-07,3.9214805272040225,1
3200.0,0.006362561197527714,1.5774354947127394,0.03130772208731896,0.1852952013819667,3.3462454501844543,1.997540979701498,3.081603891949142e-07,4.172528475404604,1
3210.0,0.006373180649880128,1.5800777207641048,0.03133177285870327,0.18533312637749466,3.349481512013224,1.9975368443176227,3.086524782616661e-07,3.600668138833571,1
3220.0,0.006383809924624282,1.5827224676852714,0.0313558234284637,0.18537105111099095,3.352701392719093,1.9975327036406545,3.0914477905624923e-07,4.127342350631494,1
3230.0,0.006394448970961676,1.5853697224510794,0.03137987379655463,0.18540897558238173,3.355905172988367,1.9975285576674229,3.096371333315751e-07,4.0131797078053,1
3240.0,0.006405097738344512,1.5880194721006538,0.031403923962930194,0.18544689979159282,3.3590929331084376,1.9975244063986635,3.1012936273631214e-07,3.7345432610882296,1
3250.0,0.006415756176474219,1.5906717037370266,0.03142797392754425,0.18548482373854958,3.3622647529700336,1.9975202498394087,3.1062126799806925e-07,4.361371460066209,1
3260.0,0.006426424235299991,1.5933264045267619,0.0314520236903503,0.18552274742317687,3.3654207120694744,1.9975160879993805,3.1111262810657913e-07,3.769950985406103,1
3270.0,0.006437101865017315,1.5959835616995794,0.03147607325130148,0.18556067084539885,3.368560889510923,1.9975119208933818,3.116031994968818e-07,3.7827227162148716,1
3280.0,0.006447789016066499,1.5986431625479782,0.03150012261035047,0.18559859400513903,3.3716853640086377,1.9975077485416883,3.120927152325077e-07,3.623075109773864,1
3290.0,0.006458485639131205,1.601305194426859,0.031524171767449476,0.18563651690232014,3.374794213889226,1.9975035709704403,3.1258088418866175e-07,3.822325856257863,1
3300.0,0.006469191685136984,1.6039696447531488,0.03154822072255017,0.18567443953686405,3.3778875170938956,1.9974993882120342,3.1306739023540585e-07,4.143301826908951,1
3310.0,0.006479907105393602,1.606636501042283,0.03157226947560601,0.1857123619086955,3.3809653509560973,1.997495200287224,3.135528329327356e-07,3.8245986231794786,1
3320.0,0.006490631853650391,1.609305751434989,0.03159631802660654,0.18575028401779697,3.384027788991194,1.9974910069439045,3.1405219293715587e-07,3.462222091731576,1
3330.0,0.006501365879649943,1.611977383045095,0.03162036637546983,0.18578820586403655,3.3870749109650515,1.9974868084772295,3.145526359664518e-07,3.5761771625828955,1
3340.0,0.006512109135325388,1.6146513835478973,0.03164441452214583,0.18582612744733337,3.3901067932143225,1.9974826049415775,3.150540960511279e-07,3.7596245592062147,1
3350.0,0.006522861572846016,1.617327740679252,0.031668462466583704,0.18586404876760526,3.393123511698992,1.9974783963993359,3.1555648873482323e-07,3.730261765675269,1
3360.0,0.006533623144615763,1.6200064422351872,0.03169251020873182,0.18590196982476884,3.3961251420046996,1.9974741829212983,3.1605970998991575e-07,4.241730297223647,1
3370.0,0.006544393803271705,1.6226874760715175,0.03171655774853768,0.1859398906187393,3.3991117593450517,1.997469964587062,3.165636351331267e-07,3.9498322890636155,1
3380.0,0.006555173501682546,1.625370830103456,0.03174060508594789,0.1859778111494304,3.4020834385639405,1.9974657414854242,3.17068117741125e-07,3.876867393175673,1
3390.0,0.00656596219294711,1.628056492305227,0.03176465222090808,0.18601573141675434,3.4050402541378606,1.9974615137147795,3.175729885661314e-07,4.21436458718706,1
3400.0,0.006576759830392828,1.6307444507096807,0.031788699153362875,0.18605365142062175,3.407982280178223,1.9974572813835172,3.18078054451523e-07,4.302329046681181,1
3410.0,0.006587566367574228,1.6334346934079054,0.03181274588325585,0.18609157116094147,3.4109095904336755,1.9974530446104168,3.185830972474378e-07,3.670802945934387,1
3420.0,0.006598381758271429,1.6361272085488405,0.03183679241052943,0.18612949063762063,3.4138222582924165,1.997448803525047,3.1908787272637844e-07,4.121574164154435,1
3430.0,0.006609205956488626,1.63882198433889,0.031860838735124936,0.1861674098505645,3.416720356784511,1.9974445582681613,3.195921094988173e-07,3.423417349796833,1
3440.0,0.006620038916452583,1.6415190090415357,0.031884884856982425,0.18620532879967644,3.419603958584211,1.9974403089920953,3.2009550792880034e-07,3.959008152928961,1
3450.0,0.006630880592611122,1.6442182709769497,0.03190893077604072,0.18624324748485765,3.422473136012267,1.9974360558611641,3.2059773904955154e-07,4.254613711789443,1
3460.0,0.006641730939631614,1.6469197585216089,0.03193297649223732,0.1862811659060074,3.4253279610382483,1.9974317990520587,3.2109844347907744e-07,4.278780288325436,1
3470.0,0.006652589912399468,1.6496234601079065,0.031957022005508366,0.1863190840630227,3.4281685052828577,1.997427538754243,3.2159723033577136e-07,4.237335246904561,1
3480.0,0.006663457466016619,1.6523293642237664,0.03198106731578857,0.1863570019557982,3.4309948400202495,1.9974232751703518,3.2209367615401774e-07,3.925695942009452,1
3490.0,0.006674333555800022,1.6550374594122557,0.0320051124230112,0.1863949195842264,3.433807036180344,1.9974190085165864,3.225873237997966e-07,3.6726708173756073,1
3500.0,0.006685218137280138,1.6577477342711981,0.03202915732710799,0.18643283694819723,3.4366051643511457,1.9974147390231123,3.230776813862876e-07,3.5115887910178927,1
3510.0,0.0066961111661994295,1.6604601774527872,0.03205320202800912,0.1864707540475982,3.43938929478106,1.9974104669344563,3.2356422118947484e-07,3.854695435198795,1
3520.0,0.006707012598510844,1.6631747776631982,0.032077246525643144,0.18650867088231413,3.4421594973812075,1.9974061925099034,3.240463785637509e-07,4.306527526513989,1
3530.0,0.006717922390376306,1.6658915236622043,0.03210129081993696,0.18654658745222724,3.444915841727744,1.997401916023893,3.2452355085752134e-07,4.367784346688804,1
3540.0,0.00672884049816521,1.668610404262786,0.03212533491081574,0.18658450375721705,3.447658397064173,1.9973976377664173,3.2499509632880883e-07,4.31119727650511,1
3550.0,0.006739766883108223,1.6713314095176182,0.03214937879921496,0.18662241979877991,3.4503872265852977,1.997393349878836,3.2548196255584875e-07,4.1074419430072115,1
3560.0,0.0067507015028318,1.6740545285607946,0.032173422485240265,0.1866603355770842,3.4531023978362776,1.997389051198551,3.259873600993074e-07,4.6804272277824035,1
3570.0,0.006761644310591648,1.6767797494123973,0.03219746596800112,0.1866982510907038,3.455803983654676,1.997384748601132,3.264932069297849e-07,4.349947236564354,1
3580.0,0.006772595263726251,1.6795070611337193,0.03222150924744888,0.18673616633956008,3.458492051787002,1.9973804421720998,3.269994111003175e-07,4.571519583057003,1
3590.0,0.006783554319780725,1.6822364528390399,0.03224555232353439,0.18677408132357362,3.4611666696504515,1.997376132002735,3.275058673497046e-07,4.516718952577581,1
3600.0,0.006794521436505413,1.6849679136952649,0.03226959519620795,0.18681199604266405,3.463827904335094,1.997371818190297,3.2801245649462886e-07,4.066751766605574,1
