time,sclerostin_bone,sclerostin_sensor,rankl_bone,opg_bone,osteocytes,osteoblasts,osteoclasts,biosensor_signal,detection_event
0.0,0.07628451249724039,0.025000000000000005,0.47469959634180026,10.680683318100582,1.0,1.0,1.0,0.0036494038485773237,1
10.0,0.0034372981559024694,0.7535710281746127,0.03681851686905303,0.8181468994736796,1.0052304919209116,1.048444706265762,0.9048384836432463,4.297148040762473,1
20.0,0.003036115591834036,0.7577315258686748,0.01710239599135622,0.3739861562422353,1.0109084355585969,1.0947919796211163,0.818731733296081,4.386001221378822,1
30.0,0.0030344915271255713,0.7578976390704826,0.016220747824334334,0.3540349951684004,1.0170090114035693,1.138880331877753,0.7408191158382115,4.611487662136325,1
40.0,0.003035078147805489,0.7580426425483477,0.016187517405396895,0.3531915225038371,1.023508121116964,1.1808184663338932,0.6703208639686953,4.908452935281233,1
50.0,0.0030356822301984988,0.7581885283090606,0.0161925898614157,0.35320949334129714,1.0303828562458444,1.2207112421592907,0.6065314078016879,5.102723415763128,1
60.0,0.003036291776262431,0.7583354740391529,0.01619945083516376,0.35326655198206547,1.0376114428942775,1.258658412525044,0.5488123209836824,4.6767414877538815,1
70.0,0.003036906795223223,0.7584835339988322,0.016206497326650134,0.35332665220370624,1.0451731863204512,1.29475486562053,0.4965859316199341,4.346338245033357,1
80.0,0.0030375274569351745,0.7586327576470647,0.016213614039158275,0.35338725264914017,1.0530484182188118,1.329090861882495,0.44932954049471757,4.854344223267614,1
90.0,0.0030381538432793925,0.7587831922859359,0.016220811616475928,0.35344864582749086,1.0612184465829708,1.3617522596550247,0.40657019136006994,4.488241042122489,1
100.0,0.0030387861392222877,0.7589348813010589,0.016228078005067103,0.3535106104595913,1.0696655079845807,1.3928207299791457,0.3678799330528114,4.032567449350511,1
110.0,0.003039424395088392,0.759087866682083,0.016235413915768982,0.3535732103111832,1.0783727222093948,1.4223739607731936,0.3328715384263728,4.501742090391931,1
120.0,0.0030400687507085066,0.7592421869177104,0.016242812867144615,0.35363634482654155,1.087324049120367,1.450485850993064,0.301194633164875,5.113631063931888,1
130.0,0.003040719290850356,0.7593978785711293,0.016250273440740683,0.35370002526863903,1.0965042475770728,1.4772266955373836,0.27253218373891236,4.394740684493731,1
140.0,0.003041376119675319,0.7595549756588041,0.01625779170882633,0.35376420427623295,1.1058988364159896,1.5026633608794202,0.24659732990039754,4.480604699305589,1
150.0,0.0030420393121807377,0.7597135102534016,0.01626536522494314,0.3538288658462545,1.1154940573034673,1.5268594522711973,0.22313051299998005,4.311436688769946,1
160.0,0.0030427089510382276,0.7598735122273873,0.016272991386945747,0.3538939885624231,1.1252768393016626,1.5498754732394011,0.20189686291698544,4.739008197290114,1
170.0,0.003043385113559475,0.760035009489419,0.016280667302066183,0.35395954264897106,1.1352347652969208,1.5717689766998366,0.18268385480626698,4.722001698403347,1
180.0,0.003044067864967086,0.760198028152191,0.016288390731996394,0.35402551134493115,1.1453560401654317,1.5925947082539562,0.16529920268761292,4.821950585498971,1
190.0,0.00304475726792833,0.760362592532385,0.01629615936796904,0.35409187466017356,1.155629460605136,1.6124047419870768,0.14956896099235842,5.062948194737951,1
200.0,0.0030454533814496237,0.7605287252546581,0.016303970949873885,0.35415861213969985,1.166044385709803,1.6312486129266854,0.13533571836895242,4.782478047215197,1
210.0,0.0030461562583470837,0.7606964473648975,0.01631182340332471,0.35422570602789916,1.176590709112681,1.6491734424374285,0.12245698227676886,4.508719272305299,1
220.0,0.003046865946566243,0.7608657783978108,0.016319714751237842,0.3542931393478333,1.1872588333966305,1.6662240534166006,0.11080382929035318,4.774514331845378,1
230.0,0.003047582490554685,0.7610367364416688,0.016327643084677948,0.35436089531337694,1.1980396452366566,1.6824430821936978,0.10025961623534631,4.703501009193704,1
240.0,0.003048305930659428,0.7612093382211872,0.01633560659302358,0.35442895807601793,1.2089244910515187,1.697871088139036,0.09071874522271231,4.839800706000047,1
250.0,0.0030490363036220556,0.761383599158925,0.01634360351376076,0.3544973116522494,1.2199051559736573,1.7125466483393785,0.08208577651202165,4.736675506634428,1
260.0,0.0030497736420132477,0.7615595334519911,0.01635163224322299,0.3545659424800865,1.2309738413342357,1.7265064589557444,0.07427433636559486,4.38102063870904,1
270.0,0.00305051797516278,0.761737154126472,0.016359691234896154,0.35463483718448097,1.2421231444614518,1.7397854261710948,0.06720627335659778,5.227169662767359,1
280.0,0.003051269329055804,0.7619164731014052,0.016367779025217983,0.3547039832136199,1.253346038728993,1.7524167560123232,0.06081082455764281,4.732891631317985,1
290.0,0.0030520277267815153,0.7620975012403232,0.016375894187149385,0.3547733678423886,1.2646358557854094,1.7644320343576771,0.05502397198652521,5.183934561160703,1
300.0,0.003052793188317071,0.7622802484088778,0.016384035379639447,0.3548429793351614,1.2759862679629337,1.775861306136592,0.04978780148378658,4.736634884906026,1
310.0,0.0030535657308418496,0.7624647235244011,0.016392201333572755,0.35491280667556435,1.287391271558149,1.786733150606017,0.0450499158460306,5.022992264798534,1
320.0,0.003054345368877265,0.762650934605523,0.016400390844465627,0.3549828394467698,1.2988451706456667,1.7970747542280578,0.04076289129794695,5.1480713963420515,1
330.0,0.003055132114480857,0.7628388888165788,0.01640860276251786,0.3550530676481498,1.310342562366479,1.80691197691122,0.03688382685701699,4.785934985892619,1
340.0,0.003055925977329126,0.7630285925124239,0.016416835986325776,0.3551234815937784,1.3218783224386377,1.8162694172511076,0.033373903176933874,5.129246675996785,1
350.0,0.0030567269648137394,0.7632200512804366,0.01642508947390937,0.35519407219855864,1.3334475915146782,1.825170473960538,0.030197996767102102,4.783894447670424,1
360.0,0.00305753508219578,0.7634132699807181,0.016433362233468186,0.3552648308067117,1.3450457619244525,1.8336374055652058,0.027324312716860498,4.72367801251092,1
370.0,0.0030583503327079914,0.7636082527829415,0.016441653326079855,0.3553357492858655,1.3566684656419752,1.8416913845909322,0.024724089588369847,4.596804816780448,1
380.0,0.003059172717684446,0.7638050032021299,0.01644996185399315,0.35540681979599353,1.368311562502815,1.8493525506233617,0.022371307376947938,4.814458567124728,1
390.0,0.0030600022366332282,0.7640035241332674,0.01645828696331487,0.3554780348810292,1.3799711289708172,1.856640060895471,0.0202424231057423,4.838475734402262,1
400.0,0.003060838887348598,0.7642038178841589,0.01646662784155211,0.3555493874434189,1.3916434473340085,1.8635721389436275,0.018316127688479532,4.828783918871376,1
410.0,0.00306168266599399,0.7644058862058961,0.016474983717366724,0.3556208707661574,1.4033249957477405,1.8701661194507704,0.01657314040478549,4.558273998749318,1
420.0,0.0030625335672023837,0.7646097303219213,0.016483353857395803,0.3556924784676629,1.4150124386670608,1.8764384913379113,0.014996018599885134,5.3477250841842245,1
430.0,0.0030633915841523696,0.7648153509562159,0.01649173756294426,0.35576420445279805,1.4267026176317272,1.8824049392685933,0.013568980044774269,4.751518288292443,1
440.0,0.003064256708649414,0.7650227483601709,0.016500134169457593,0.35583604292539733,1.438392542452289,1.888080383348378,0.012277740982535269,4.613519643367782,1
450.0,0.0030651289312000137,0.7652319223379536,0.01650854304433165,0.3559079883619678,1.4500793828923753,1.893479016591217,0.011109373112321352,4.771664735391773,1
460.0,0.0030660082410832925,0.7654428722694635,0.016516963586979138,0.35598003553408325,1.4617604611226007,1.8986143389131696,0.010052185347174945,4.731479964496783,1
470.0,0.0030668946264201936,0.7656555971335395,0.01652539522576472,0.35605217946045153,1.473433244101142,1.9034991914561277,0.009095601956360746,5.18574734742309,1
480.0,0.0030677880742383348,0.7658700955301406,0.01653383741642589,0.3561244153915076,1.4850953362937211,1.9081457893840328,0.008230051117894665,4.823008397326403,1
490.0,0.003068688570534234,0.7660863657010278,0.01654228964145298,0.3561967388142801,1.4967444728745833,1.9125657525143944,0.007446868741807816,4.483640168058298,1
500.0,0.0030695961003317754,0.7663044055491028,0.016550751408842455,0.3562691454419302,1.5083785133648269,1.9167701339814855,0.006738215161185185,5.49849562061394,1
510.0,0.003070510647737119,0.7665242126569184,0.01655922225043022,0.35634163119307805,1.5199954355430163,1.9207694476741102,0.00609699822583173,4.791427679889806,1
520.0,0.003071432195991667,0.7667457843044831,0.0165677017207472,0.3564141921822585,1.5315933295853366,1.9245736946402832,0.005516801233805725,4.937344771073045,1
530.0,0.0030723607275229482,0.7669691174862048,0.016576189396157296,0.3564868247159656,1.5431703924850257,1.9281923882349747,0.004991817550857248,4.410038223394828,1
540.0,0.0030732962239924965,0.7671942089269013,0.01658468487375303,0.3565595252823948,1.5547249227752926,1.9316345779020028,0.004516792632221068,4.88451409937676,1
550.0,0.0030742386663410145,0.767421055096979,0.016593187770205547,0.3566322905394077,1.5662553155247156,1.9349088717295553,0.004086972075967562,5.180525318307415,1
560.0,0.0030751880348315387,0.7676496522268894,0.01660169772084812,0.35670511730710747,1.577760057567017,1.9380234579508693,0.0036980542080355563,4.83586968586368,1
570.0,0.0030761443090906344,0.7678799963209026,0.016610214378843045,0.3567780025616767,1.5892377229526462,1.9409861254465912,0.003346146765325407,4.932844605519956,1
580.0,0.0030771074681474344,0.7681120831701999,0.016618737414282127,0.3568509434271034,1.6006869686233511,1.9438042832435238,0.0030277277557279663,4.978536414611606,1
590.0,0.0030780774904706665,0.7683459083652967,0.016627266513319576,0.356923937167036,1.6121065303039417,1.9464849790358274,0.002739610273519788,5.216619142928115,1
600.0,0.0030790543540038765,0.7685814673078456,0.01663580137740949,0.3569969811784349,1.6234952185965892,1.949034916794645,0.0024789107222344805,4.768188588853919,1
610.0,0.0030800380361989004,0.7688187552218593,0.01664434172258122,0.35707007298555393,1.634851915263692,1.9514604735290055,0.002243019967178761,5.085244863200739,1
620.0,0.0030810285140476642,0.7690577671643825,0.01665288727871503,0.35714321023343104,1.6461755696905724,1.953767715237315,0.002029577167206232,4.3570297387664745,1
630.0,0.0030820257641123935,0.7692984980356313,0.016661437788855944,0.35721639068176075,1.6574651955214466,1.9559624120789656,0.001836446119035738,4.749632106280354,1
640.0,0.0030830297625543106,0.7695409425886244,0.01666999300857997,0.3572896121994861,1.6687198674613286,1.9580500527990479,0.001661693901010249,5.11149933054934,1
650.0,0.0030840404851608986,0.7697850954383384,0.016678552705387574,0.3573628727595768,1.6799387182326564,1.9600358584566753,0.001503571530495202,5.202273971427984,1
660.0,0.0030850579073717754,0.7700309510704014,0.016687116658117992,0.3574361704338604,1.6911209356824612,1.961924795475674,0.0013604964740484015,5.465142336730846,1
670.0,0.0030860820043032925,0.7702785038493583,0.016695684656393473,0.3575095033881385,1.7022657600297244,1.9637215880642838,0.0012310367970728034,4.362591846365913,1
680.0,0.0030871127507718847,0.7705277480265205,0.016704256500096177,0.35758286987766824,1.713372481247229,1.9654307300294505,0.0011138968260713184,4.952904188013374,1
690.0,0.003088150121316246,0.7707786777474241,0.01671283199886911,0.3576562682428282,1.7244404365717887,1.9670564960132768,0.0010079041855704037,4.5146881655966,1
700.0,0.0030891940902183857,0.7710312870589144,0.016721410971638227,0.3577296969049256,1.7354690081362265,1.968602952181415,0.0009119980683212416,4.665204331858839,1
710.0,0.003090244631523619,0.7712855699158749,0.016729993246159237,0.3578031543622382,1.7464576207170648,1.970073966390616,0.0008252186175372725,4.611612391493275,1
720.0,0.0030913017190595444,0.7715415201876187,0.01673857865858808,0.3578766391862855,1.7574057395923317,1.9714732178605858,0.0007466973181808423,4.802805891321541,1
730.0,0.0030923653264540644,0.7717991316639597,0.016747167053071377,0.35795015001826075,1.7683128685041871,1.9728042063739892,0.0006756483042617703,5.076410368462234,1
740.0,0.0030934354271524847,0.772058398060977,0.01675575828135607,0.35802368556561714,1.7791785477212567,1.9740702610276193,0.0006113604946292289,5.114121183396969,1
750.0,0.003094511994433674,0.7723193130264651,0.01676435220242029,0.3580972445988502,1.7900023522034012,1.9752745485224286,0.0005531905332322822,4.9004725119333035,1
760.0,0.0030955950014252016,0.7725818701450445,0.016772948682126965,0.3581708259484836,1.8007838898779176,1.9764200809519201,0.0005005565572354608,5.005046068379352,1
770.0,0.0030966844211185694,0.7728460629433024,0.016781547592874625,0.3582444285020204,1.8115227999052461,1.9775097236377808,0.0004529318556725472,5.169166721580573,1
780.0,0.003097780226383382,0.7731118848945792,0.016790148813271837,0.35831805120110616,1.8222187510607377,1.9785462024430245,0.00040983938289866504,5.097534331135529,1
790.0,0.003098882389978658,0.7733793294228017,0.016798752227874036,0.35839169303923674,1.832871440427285,1.9795321096856742,0.0003708484204189781,5.039474534628412,1
800.0,0.003099990884569173,0.7736483899079943,0.016807357726810024,0.3584653530584953,1.8434805915406327,1.9804699125163756,0.00033556730044440166,5.0813151544263,1
810.0,0.0031011056827321844,0.7739190596885803,0.01681596520561945,0.35853903034814416,1.8540459535820348,1.9813619565809908,0.0003036434549837819,4.994646926012763,1
820.0,0.0031022267569719673,0.7741913320662921,0.016824574564918683,0.35861272404170447,1.8645672997198641,1.9822104735144284,0.00027475725359601017,4.856322923175624,1
830.0,0.0031033540797296053,0.7744652003094952,0.016833185710171016,0.358686433314956,1.875044425968596,1.9830175861053685,0.0002486196308343511,5.621746731002416,1
840.0,0.0031044876233923754,0.7747406576563772,0.016841798551465583,0.3587601573840084,1.88547715009256,1.9837853132592589,0.000224969380712683,4.7883772532093865,1
850.0,0.003105627360304797,0.7750176973186936,0.01685041300325984,0.35883389550305694,1.8958653103272216,1.9845155757829278,0.00020356976611772938,4.681703021460296,1
860.0,0.00310677326277681,0.7752963124845526,0.016859028984185002,0.3589076469626863,1.9062087644148729,1.9852102007535428,0.00018420657108172912,5.410181993667704,1
870.0,0.0031079253030919783,0.775576496321211,0.01686764641685076,0.35898141108816717,1.91650738863652,1.9858709259046943,0.00016668621762456115,4.942355805793538,1
880.0,0.003109083453517227,0.7758582419783817,0.016876265227616507,0.3590551872374626,1.9267610766770444,1.9864994047631517,0.0001508329579857705,4.758213904494097,1
890.0,0.003110247686308421,0.7761415425901493,0.016884885346453687,0.35912897480002676,1.9369697389446847,1.9870972097399782,0.0001364882954038,5.061796023434844,1
900.0,0.0031114179737188642,0.7764263912778658,0.01689350670674408,0.3592027731950472,1.947133301570781,1.987665836661227,0.00012350868361395105,5.2739824566646245,1
910.0,0.0031125942880063386,0.7767127811525556,0.0169021292451101,0.3592765818699651,1.9572517055696048,1.9882067085779032,0.00011176414265088325,4.943746319069228,1
920.0,0.003113776601438617,0.7770007053168115,0.016910752901278723,0.3593504002992887,1.967324906165263,1.9887211788234254,0.00010113728469487979,4.949242002549098,1
930.0,0.0031149648863008513,0.7772901568673157,0.016919377617904127,0.3594242279830473,1.977352871913422,1.9892105349951181,9.15216967906764e-05,5.328592889054237,1
940.0,0.0031161591149007012,0.7775811288966089,0.016928003340439944,0.35949806444567683,1.9873355840699198,1.9896760018238464,8.282112644130915e-05,4.675388621528619,1
950.0,0.0031173592595736864,0.7778736144949318,0.016936630017006633,0.3595719092348645,1.997273035935284,1.9901187441520976,7.494859131212549e-05,4.841680766789676,1
960.0,0.003118565292689394,0.7781676067523522,0.016945257598240115,0.35964576192022857,2.0071652321057747,1.9905398703330794,6.782515964267363e-05,4.959010365532592,1
970.0,0.003119777186655205,0.7784630987600644,0.016953886037194853,0.3597196220924732,2.0170121879957716,1.9909404344077044,6.137960022091707e-05,4.971201042593638,1
980.0,0.003120994913921541,0.778760083612195,0.016962515289213644,0.3597934893622536,2.0268139291943097,1.9913214390284666,5.5547434337689155e-05,4.802087862330804,1
990.0,0.003122218446986598,0.7790585544074389,0.016971145311808548,0.3598673633591376,2.0365704908771125,1.9916838381334536,5.0270230780483765e-05,5.238080287243513,1
1000.0,0.0031234477583996136,0.7793585042502046,0.016979776064574185,0.35994124373084996,2.0462819173799516,1.9920285388935586,4.549524255002589e-05,4.843958726952868,1
1010.0,0.00312468282076566,0.7796599262522669,0.016988407509067525,0.36001513014222425,2.0559482616050824,1.9923564044116269,4.1174651543328264e-05,4.910712238899157,1
1020.0,0.0031259236067488895,0.7799628135339063,0.01699703960872161,0.36008902227445067,2.065569584596574,1.9926682556607858,3.726520654518121e-05,4.607739253266606,1
1030.0,0.003127170089075864,0.7802671592250746,0.017005672328757528,0.3601629198243084,2.0751459551072697,1.992964873460385,3.3727824338032416e-05,5.265697614106788,1
1040.0,0.003128422240539493,0.7805729564667624,0.01701430563608303,0.36023682250328204,2.0846774490988946,1.9932470007531866,3.0527047070735494e-05,5.359494887356116,1
1050.0,0.003129680034001387,0.7808801984118385,0.017022939499225998,0.36031073003698094,2.0941641494158683,1.9935153440998554,2.763086230893167e-05,5.245024900668141,1
1060.0,0.0031309434423950444,0.7811888782261686,0.01703157388824965,0.36038464216440075,2.1036061453683104,1.9937705755825779,2.501030574224751e-05,5.202326568051508,1
1070.0,0.0031322124387287535,0.7814989890896358,0.017040208774673975,0.36045855863723764,2.1130035323459135,1.9940133345696023,2.2639146483870645e-05,4.569677845659659,1
1080.0,0.003133486996087238,0.7818105241967434,0.017048844131425028,0.3605324792194469,2.122356411570626,1.9942442288541808,2.0493786948016993e-05,5.259990133173244,1
1090.0,0.0031347670876367786,0.7821234767583802,0.01705747993270713,0.3606064036861284,2.1316648894653514,1.9944638375240926,1.855255308520569e-05,5.164399522808106,1
1100.0,0.003136052686622301,0.7824378400008943,0.01706611615405342,0.360680331823967,2.140929077911029,1.9946727098271386,1.6796370120371193e-05,5.103759696683197,1
1110.0,0.003137343766376568,0.7827536071692243,0.017074752772107557,0.36075426342933004,2.1501490931645297,1.9948713700725835,1.5207363586558778e-05,5.15977866251892,1
1120.0,0.0031386403003174166,0.7830707715260218,0.01708338976467107,0.3608281983086795,2.1593250560997084,1.9950603165687706,1.3769490267736906e-05,4.6974219546504115,1
1130.0,0.003139942261947822,0.7833893263517248,0.017092027110687698,0.3609021362784359,2.1684570921349633,1.9952400219737023,1.2468684471759394e-05,5.286852434887158,1
1140.0,0.0031412496248659164,0.7837092649479623,0.01710066479000695,0.3609760771629167,2.1775453300603633,1.9954109386058216,1.129135520821057e-05,5.212388300498552,1
1150.0,0.0031425623627542795,0.7840305806340172,0.01710930278360796,0.361050020796288,2.18658990315826,1.9955734934163565,1.0226213412387043e-05,4.950307659695712,1
1160.0,0.0031438804493937557,0.7843532667515049,0.017117941073278273,0.3611239670197641,2.195590947608486,1.995728095202702,9.262280947154213e-06,5.337486664338119,1
1170.0,0.0031452038586569815,0.7846773166622545,0.01712657964174396,0.3611979156827418,2.204548603141569,1.995875131687076,8.389934861676338e-06,5.431172601882002,1
1180.0,0.003146532564511095,0.7850027237492648,0.01713521847259542,0.36127186664215355,2.2134630126745645,1.996014971182003,7.600606042106482e-06,4.601068580741923,1
1190.0,0.003147866541022164,0.7853294814182408,0.017143857550174606,0.3613458197614844,2.2223343217545346,1.9961479651234675,6.886303220237149e-06,5.097176919156418,1
1200.0,0.0031492057623515764,0.785657583096428,0.01715249685964235,0.36141977491135846,2.231162678898865,1.996274446558761,6.24001973353285e-06,5.269015873190882,1
1210.0,0.003150550202761969,0.7859870222346546,0.01716113638683135,0.3614937319682578,2.239948234868638,1.9963947334479357,5.655222187327636e-06,5.471827573396678,1
1220.0,0.003151899836614506,0.7863177923064635,0.017169776118293987,0.3615676908149391,2.2486911429116527,1.996509127589896,5.126103159811579e-06,5.308437892408763,1
1230.0,0.003153254638371261,0.7866498868089611,0.017178416041235142,0.36164165133984777,2.257391558433036,1.9966179161315456,4.647387504978286e-06,4.907444115865257,1
1240.0,0.003154614582597119,0.7869832992635052,0.017187056143455726,0.3617156134366258,2.2660496387193807,1.9967213728353994,4.214182938294827e-06,5.139029547581545,1
1250.0,0.0031559796439570285,0.7873180232148288,0.017195696413401147,0.361789577004534,2.274665543184893,1.9968197569914727,3.822280094760406e-06,4.614612569171582,1
1260.0,0.0031573497972215113,0.7876540522329408,0.017204336840023565,0.36186354194725157,2.2832394326909466,1.9969133165106856,3.467627468948125e-06,5.216320060308652,1
1270.0,0.003158725017262896,0.7879913799119054,0.017212977412853527,0.36193750817350023,2.291771469907595,1.997002286315797,3.1467215360876773e-06,5.401978757599995,1
1280.0,0.0031601052790582746,0.7883299998708871,0.017221618121919545,0.36201147559634345,2.3002618189183686,1.9970868901478092,2.856356064725381e-06,5.112318304730172,1
1290.0,0.003161490557690006,0.7886699057543645,0.017230258957723524,0.3620854441329717,2.308710645102999,1.9971673411176682,2.593585237251128e-06,5.250186167766837,1
1300.0,0.0031628808283442134,0.7890110912316728,0.017238899911261565,0.36215941370488425,2.317118115245784,1.997243841239009,2.3558373368852234e-06,5.3437134214433595,1
1310.0,0.003164276066314201,0.7893535499982032,0.017247540973932645,0.36223338423709284,2.3254843970864596,1.997316583478959,2.1406991501697464e-06,5.779771392404502,1
1320.0,0.003165676246997846,0.7896972757745683,0.017256182137585337,0.362307355658529,2.333809659557176,1.9973857507090749,1.946049640686814e-06,4.99083004393141,1
1330.0,0.0031670813459001054,0.7900422623074963,0.017264823394446873,0.3623813279014257,2.3420940724349064,1.9974515172981009,1.7699327799579686e-06,5.128621725386592,1
1340.0,0.0031684913386319257,0.7903885033695082,0.017273464737135334,0.3624553009014233,2.3503378064066456,1.9975140488386358,1.6106040603071195e-06,5.31531933705743,1
1350.0,0.0031699062009097373,0.7907359927587924,0.017282106158658245,0.36252927459755785,2.3585410330673047,1.997573502178089,1.4665495110544538e-06,4.89181101160087,1
1360.0,0.0031713259085595787,0.7910847243006491,0.017290747652303814,0.3626032489313124,2.3667039243841863,1.9976300278618322,1.336264821258815e-06,5.278054027528804,1
1370.0,0.0031727504375150136,0.7914346918468298,0.017299389211676168,0.3626772238469243,2.3748266528768487,1.9976837693412173,1.218358031695765e-06,5.407159914460795,1
1380.0,0.0031741797638135025,0.7917858892743549,0.017308030830766732,0.3627511992920076,2.382909391976074,1.9977348613712747,1.111739677658115e-06,5.294152658764549,1
1390.0,0.0031756138635983676,0.7921383104862257,0.01731667250389538,0.36282517521703994,2.3909523157365324,1.9977834313316272,1.0155118240345826e-06,5.649103014905238,1
1400.0,0.0031770527131278984,0.7924919494145553,0.017325314225485805,0.3628991515734041,2.39895559772605,1.997829604271545,9.284745389876494e-07,5.33717149396866,1
1410.0,0.003178496288766731,0.7928468000176936,0.017333955990252815,0.362973128315021,2.406919411960367,1.997873498703454,8.495827301312207e-07,4.927019710895261,1
1420.0,0.003179944566979795,0.7932028562782208,0.017342597793330868,0.3630471053994702,2.414843933545662,1.9979152237167412,7.782332305686974e-07,4.828013275825279,1
1430.0,0.003181397524339919,0.7935601122055731,0.01735123963008351,0.36312108278632865,2.422729337737375,1.9979548832570817,7.138768530310639e-07,4.699224079774402,1
1440.0,0.0031828551375361514,0.7939185618389085,0.017359881495896148,0.3631950604353638,2.4305757989163053,1.9979925807799854,6.555946802607538e-07,4.815967087244129,1
1450.0,0.003184317383362304,0.7942781992432696,0.01736852338643045,0.3632690383087519,2.438383491856031,1.998028413537853,6.026650668166446e-07,5.327856319172733,1
1460.0,0.003185784238711715,0.7946390185078454,0.017377165297735805,0.3633430163720493,2.4461525922800136,1.9980624700769778,5.54755931890005e-07,4.780784661947474,1
1470.0,0.0031872556805877237,0.7950010137495784,0.01738580722598927,0.36341699459192545,2.4538832755764246,1.9980948360773345,5.114643872046662e-07,4.908955914423877,1
1480.0,0.003188731686105723,0.7953641791139083,0.01739444916743418,0.3634909729356279,2.461575716498219,1.998125595731455,4.7221983072906396e-07,4.770582671962586,1
1490.0,0.003190212232485781,0.7957285087723094,0.01740309111854124,0.3635649513723861,2.469230089966714,1.9981548281269261,4.3659413503138166e-07,5.031031041363574,1
1500.0,0.0031916972970498095,0.7960939969213591,0.017411733076066454,0.3636389298739174,2.476846571362208,1.9981826059448113,4.043313484262963e-07,5.169558241100031,1
1510.0,0.003193186857229135,0.7964606377853791,0.017420375036853824,0.36371290841270604,2.4844253355518817,1.9982089998911645,3.7512997182327627e-07,5.3168692352052815,1
1520.0,0.0031946808905627747,0.7968284256158893,0.01742901699786437,0.3637868869622565,2.491966557037951,1.998234078045039,3.4868249361840077e-07,4.720244317023637,1
1530.0,0.003196179374694953,0.7971973546908034,0.01743765895622358,0.3638608654975073,2.4994704101970293,1.9982579047925808,3.2473587116779065e-07,4.708376560036754,1
1540.0,0.0031976822873731416,0.7975674193137856,0.017446300909261248,0.36393484399517806,2.5069370694798256,1.9982805399332175,3.030752712360387e-07,5.108033974095007,1
1550.0,0.0031991896064526197,0.7979386138158876,0.017454942854379304,0.36400882243261745,2.514366708764579,1.998302041646667,2.834898414172869e-07,5.5013067200270775,1
1560.0,0.0032007013098942186,0.7983109325548083,0.017463584789097566,0.36408280078820193,2.521759501586422,1.9983224654665626,2.6578091080851747e-07,4.761785511395836,1
1570.0,0.003202217375763777,0.7986843699147511,0.017472226711054667,0.36415677904134375,2.529115621146329,1.9983418642589774,2.497595137367795e-07,5.315472355698496,1
1580.0,0.0032037377822242852,0.7990589203037272,0.017480868618200453,0.36423075717416853,2.5364352412628626,1.9983602839019596,2.3542171578273828e-07,5.104924660271038,1
1590.0,0.0032052625075521257,0.7994345781592728,0.017489510508358008,0.3643047351676968,2.5437185342194204,1.9983777731207728,2.2257200487391103e-07,5.146436843141418,1
1600.0,0.0032067915301265478,0.7998113379448203,0.017498152379485783,0.36437871300412905,2.550965672059268,1.9983943776021786,2.1105340800699517e-07,5.554416273838803,1
1610.0,0.003208324828430944,0.8001891941501913,0.017506794229631042,0.3644526906664404,2.5581768263607363,1.9984101410387571,2.0071015406329864e-07,5.461568722208654,1
1620.0,0.0032098623810532145,0.8005681412917703,0.01751543605690712,0.3645266681381818,2.565352168129215,1.9984251056406568,1.9137089034811873e-07,5.220834230395178,1
1630.0,0.0032114041666856576,0.8009481739125127,0.01752407785948315,0.3646006454033907,2.572491867750993,1.998439312365347,1.8284278232678112e-07,5.17196736907395,1
1640.0,0.003212950164122205,0.801329286581028,0.017532719635643065,0.3646746224471055,2.5795960952879335,1.9984527995933772,1.7497157124227508e-07,5.116846537078777,1
1650.0,0.003214500352221814,0.8017114738788517,0.017541361384728615,0.36474859926358727,2.5866650251266448,1.998465581950269,1.68544310077007e-07,5.3227106452234665,1
1660.0,0.0032160547100045012,0.8020947304340009,0.01755000310461789,0.36482257583433597,2.5936988235631233,1.9984777069322948,1.628897877773243e-07,4.357760664776684,1
1670.0,0.003217613216570611,0.8024790508928527,0.017558644793820733,0.3648965521463596,2.6006976591280004,1.9984892078489205,1.578796938605869e-07,5.050915971696138,1
1680.0,0.003219175851123198,0.8028644299279987,0.017567286450881053,0.36497052818696313,2.6076616996467488,1.998500117245763,1.5336274513017567e-07,4.801166569454429,1
1690.0,0.0032207425929678657,0.803250862238237,0.01757592807436774,0.3650445039436694,2.614591112199321,1.9985104671079186,1.491599070747992e-07,5.437256347795103,1
1700.0,0.0032223134215126122,0.8036383425485651,0.017584569662865635,0.36511847940414016,2.6214860630797827,1.9985202890632876,1.4505961526780067e-07,5.184031815776285,1
1710.0,0.0032238883162536217,0.8040268656052433,0.01759321121534018,0.3651924545593556,2.628346719594515,1.9985296061932531,1.411278611175414e-07,5.203917543588067,1
1720.0,0.0032254672567480535,0.804416426166302,0.017601852731848083,0.36526642940981,2.6351732535625563,1.9985384170734048,1.3830978026130842e-07,5.104044866483888,1
1730.0,0.0032270502227313325,0.8048070190427142,0.01761049421040387,0.36534040393819306,2.641965825904396,1.9985467661415555,1.357925282268143e-07,5.246544459277325,1
1740.0,0.0032286371940059054,0.8051986390594357,0.01761913564992602,0.3654143781350753,2.6487246011400365,1.9985546775361946,1.3349029114390744e-07,5.116745626261401,1
1750.0,0.003230228150473836,0.8055912810668825,0.017627777049356513,0.3654883519912324,2.655449743061673,1.998562174868874,1.31305341141045e-07,5.3663919463101335,1
1760.0,0.00323182307213653,0.8059849399408806,0.01763641840765497,0.3655623254975937,2.6621414147090494,1.9985692813557818,1.2912594964346667e-07,5.328759905088054,1
1770.0,0.003233421939094457,0.806379610582615,0.017645059723792794,0.36563629864519126,2.668799778344811,1.998576019949318,1.268243006713681e-07,5.3626090763496554,1
1780.0,0.0032350247315277043,0.8067752879117625,0.017653700997284427,0.3657102714297918,2.6754249980637717,1.998582401407153,1.2460410776721347e-07,5.584176098943383,1
1790.0,0.0032366314297024375,0.8071719668688372,0.017662342227992737,0.3657842438501995,2.68201723884255,1.9985884286633062,1.2287562005617834e-07,5.646508948321122,1
1800.0,0.003238242014026708,0.8075696424350879,0.017670983414551398,0.3658582158945019,2.6885766588075817,1.9985941322570313,1.2123023358303309e-07,5.512583180049112,1
1810.0,0.003239856464983738,0.807968309608818,0.01767962455622084,0.36593218755625123,2.695103418340247,1.9985995286527845,1.1965056212556654e-07,4.53993518973893,1
1820.0,0.0032414747631528537,0.8083679634128793,0.017688265652288017,0.3660061588292305,2.7015976771374524,1.9986046337205805,1.1812135685392538e-07,5.1613764338917685,1
1830.0,0.0032430968892091104,0.8087685988945864,0.01769690670206325,0.3660801297074267,2.7080595942004098,1.9986094628060829,1.16629202134412e-07,6.039367540552351,1
1840.0,0.003244722823922915,0.8091702111256319,0.01770554770487712,0.36615410018500344,2.7144893278234186,1.9986140308006928,1.1516221133328189e-07,4.82006798342039,1
1850.0,0.003246352548150681,0.809572795198569,0.01771418866039689,0.36622807025905973,2.72088703712902,1.9986183450363315,1.1376435539575831e-07,4.991429974130396,1
1860.0,0.003247986042846298,0.8099763462312577,0.017722829568201457,0.3663020399259243,2.7272528800150013,1.998622414829548,1.1246302351019613e-07,5.636635266021852,1
1870.0,0.003249623289066205,0.8103808593688638,0.01773147042758423,0.3663760091794364,2.7335870122040915,1.9986262559090184,1.1123554158560858e-07,5.437444886474943,1
1880.0,0.0032512642679549736,0.8107863297784021,0.017740111238050055,0.3664499780152791,2.739889589652935,1.9986298792557577,1.1009437233873976e-07,5.17281352001867,1
1890.0,0.0032529089607501445,0.8111927526506464,0.017748751999126434,0.3665239464293329,2.7461607676422632,1.9986332953428254,1.090550636431029e-07,4.7859719040121655,1
1900.0,0.0032545573487818232,0.811600123200031,0.01775739271036151,0.36659791441765816,2.7524007007710374,1.9986365141805262,1.0813613383796031e-07,4.754885873179065,1
1910.0,0.003256209413472273,0.812008436664555,0.01776603337132205,0.3666718819764777,2.758609542950594,1.9986395453616115,1.0735895703730312e-07,4.95684904588324,1
1920.0,0.00325786513633725,0.8124176883058412,0.01777467398167343,0.36674584910287394,2.764787447761702,1.9986423962649689,1.0662935810786973e-07,5.699383745421494,1
1930.0,0.0032595244989823582,0.8128278734087474,0.017783314541025195,0.36681981579344264,2.7709345677740638,1.9986450755241287,1.0595739569315199e-07,5.22783257976646,1
1940.0,0.0032611874831038313,0.8132389872813764,0.017791955048985043,0.3668937820447636,2.777051054788304,1.9986475918148328,1.0537646293629309e-07,5.671658834455716,1
1950.0,0.003262854070489009,0.8136510252550592,0.017800595505198354,0.3669677478537448,2.7831370600139502,1.998649952967416,1.048832526309508e-07,5.963485679551052,1
1960.0,0.003264524243015431,0.8140639826842113,0.01780923590932252,0.36704171321739926,2.7891927339589446,1.9986521665429293,1.0447174666364735e-07,5.574953537747933,1
1970.0,0.0032661979826504317,0.8144778549462367,0.017817876261025163,0.36711567813282914,2.795218226424724,1.9986542398736007,1.0413279681982541e-07,5.130165163608384,1
1980.0,0.003267875271450739,0.8148926374414314,0.01782651655998232,0.3671896425972098,2.8012136865012964,1.9986561801032956,1.0385370558990372e-07,5.72962347380847,1
1990.0,0.0032695560915617914,0.8153083255922337,0.01783515680604051,0.36726360660920304,2.80717926331913,1.9986579905481192,1.0367397761907374e-07,5.055994457286745,1
2000.0,0.0032712404252179567,0.8157249148445651,0.017843796998854,0.36733757016579466,2.8131151043772973,1.9986596788420656,1.035611800475412e-07,5.432330516600841,1
2010.0,0.0032729282547417013,0.8161424006667495,0.01785243713812996,0.3674115332644314,2.8190213566790296,1.9986612514320967,1.0349516999894788e-07,4.804989221519073,1
2020.0,0.0032746195625432423,0.8165607785495285,0.017861077223598774,0.36748549590276264,2.8248981665980875,1.9986627142444342,1.034581224456252e-07,5.410418452884867,1
2030.0,0.003276314331120169,0.8169800440060299,0.01786971725499569,0.36755945807848,2.8307456797974044,1.9986640730966627,1.0342843812976827e-07,5.40950027275216,1
2040.0,0.003278012543057042,0.8174001925716697,0.017878357232059355,0.36763341978930486,2.8365640412256887,1.9986653337307887,1.0338043736716252e-07,5.422680169952408,1
2050.0,0.003279714181024815,0.8178212198039739,0.017886997154540372,0.36770738103306283,2.8423533951617053,1.9986665016209355,1.032901588938567e-07,5.829843750432083,1
2060.0,0.003281419227775016,0.8182431212799982,0.017895637022508546,0.36778134181036237,2.848113886677613,1.9986675750739673,1.0332285420476441e-07,5.419195625860985,1
2070.0,0.0032831276661529547,0.8186658926024668,0.017904276835575578,0.3678553021178182,2.8538456579495004,1.9986685626844862,1.033607188243952e-07,5.322320822377257,1
2080.0,0.0032848394790859817,0.8190895293944795,0.01791291659353985,0.3679292619536722,2.8595488513243787,1.9986694688558972,1.0339571782781651e-07,5.3846131832671835,1
2090.0,0.003286554649586246,0.8195140273008608,0.017921556296204948,0.3680032213162121,2.86522360846165,1.998670297875182,1.0341978900667271e-07,5.35530739478298,1
2100.0,0.00328827316075028,0.8199393819880564,0.017930195943378788,0.368077180203763,2.870870070332483,1.9986710539328436,1.0342489193373245e-07,5.471635152991096,1
2110.0,0.0032899949957585868,0.8203655891440311,0.017938835534872723,0.36815113861468024,2.8764883772191894,1.9986717411428492,1.0340305702743588e-07,5.354095335635067,1
2120.0,0.003291720137874912,0.8207926444779432,0.01794747507054073,0.3682250965476906,2.8820786689017717,1.9986723626625786,1.0335628293101836e-07,5.1530067181208254,1
2130.0,0.003293448570444878,0.821220543719369,0.01795611455039929,0.36829905400293766,2.887641085221307,1.9986729180008105,1.0332626150313327e-07,5.229821131112824,1
2140.0,0.003295180276899039,0.8216492826206482,0.01796475397418673,0.36837301097814,2.8931757640254516,1.9986734129134245,1.0328636017222923e-07,5.761000811611883,1
2150.0,0.003296915240749289,0.8220788569545365,0.017973393341765488,0.36844696747209826,2.8986828430507106,1.9986738503697172,1.032407414379086e-07,5.3019784222652575,1
2160.0,0.0032986534455893756,0.8225092625147573,0.017982032653003886,0.36852092348366433,2.904162459373737,1.9986742332076735,1.0319557453964778e-07,5.29966032435283,1
2170.0,0.0033003948750944803,0.8229404951158954,0.01799067190777566,0.36859487901173726,2.9096147494127353,1.9986745641441803,1.0315919098996463e-07,5.228396296407018,1
2180.0,0.003302139513020806,0.8233725505932927,0.017999311105959512,0.3686688340552596,2.9150398489288576,1.9986748457852401,1.0314224010758574e-07,4.847328924628244,1
2190.0,0.0033038873432068225,0.8238054248032978,0.018007950247458875,0.36874278861338916,2.9204378931066994,1.9986750801822597,1.0313136494488096e-07,5.213535968375963,1
2200.0,0.0033056383495728725,0.8242391136231653,0.018016589332201686,0.36881674268549774,2.92580901655665,1.9986752688368066,1.030890394712916e-07,5.429178929316027,1
2210.0,0.0033073925161144343,0.8246736129496022,0.018025228360063223,0.3688906962704979,2.931153353016061,1.998675414433824,1.0305423487318929e-07,5.7682876879451275,1
2220.0,0.0033091498269086634,0.8251089187001474,0.018033867330950106,0.3689646493675754,2.9364710356811807,1.9986755189549166,1.0303191834810121e-07,5.047578350087363,1
2230.0,0.003310910266111806,0.8255450268126032,0.018042506244773496,0.3690386019759556,2.9417621971054486,1.9986755842802921,1.0302772687881577e-07,5.152425910604153,1
2240.0,0.003312673817958792,0.8259819332449326,0.01805114510144876,0.36911255409490074,2.947026969201343,1.9986756121963822,1.0304797152786793e-07,5.551016227290907,1
2250.0,0.0033144404667628286,0.8264196339751558,0.018059783900895136,0.3691865057237065,2.952265483242233,1.9986756044034635,1.0309964173202465e-07,5.08173676865489,1
2260.0,0.0033162101969186593,0.8268581250021919,0.018068422643034127,0.36926045686168835,2.9574778698277164,1.998675562551313,1.0316300860222491e-07,5.255522725646744,1
2270.0,0.0033179829928979753,0.8272974023446785,0.018077061327790606,0.3693344075081914,2.962664258927118,1.9986754882148543,1.0322288317051939e-07,5.419578511609113,1
2280.0,0.0033197588392452045,0.8277374620398883,0.018085699955093758,0.36940835766259816,2.967824779919228,1.9986753828726878,1.032970528288792e-07,5.193260541517378,1
2290.0,0.003321537720584137,0.8281783001454374,0.018094338524874347,0.3694823073243049,2.972959561524119,1.9986752479684824,1.033837306842559e-07,5.466858676026197,1
2300.0,0.003323319621615029,0.8286199127385414,0.01810297703706523,0.3695562564927262,2.9780687318297794,1.9986750848995705,1.0348015656151668e-07,5.50159081354804,1
2310.0,0.003325104527114211,0.8290622959159164,0.01811161549160101,0.3696302051672919,2.9831524182938263,1.9986748950246744,1.0358249801205597e-07,5.74910342158203,1
2320.0,0.0033268924219336943,0.8295054457936785,0.0181202538884177,0.36970415334744394,2.9882107477452178,1.9986746796716335,1.0368575132240687e-07,5.559705902557113,1
2330.0,0.0033286832910045146,0.8299493585081149,0.018128892227477197,0.36977810103285,2.9932438464689786,1.9986744395873002,1.0380485681365908e-07,5.2797876523398415,1
2340.0,0.003330477119329794,0.8303940302140601,0.01813753050872344,0.3698520482230216,2.9982518400624913,1.998674175922489,1.0393743612791204e-07,5.403588719030033,1
2350.0,0.0033322738919859384,0.8308394570851666,0.018146168732092658,0.3699259949174023,3.0032348534725872,1.9986738900019712,1.0407273416452901e-07,5.716716035445199,1
2360.0,0.003334073594124926,0.8312856353144304,0.018154806897530816,0.36999994111552126,3.0081930110567994,1.9986735829320836,1.0420673658150453e-07,5.398395502702105,1
2370.0,0.0033358762109726194,0.8317325611137889,0.01816344500498469,0.37007388681691417,3.013126436556306,1.9986732558018088,1.0433471759744984e-07,5.594338802064987,1
2380.0,0.0033376817278283825,0.8321802307140245,0.018172083054401576,0.37014783202112156,3.0180352530978687,1.9986729096889668,1.0445119936377739e-07,5.21877804053689,1
2390.0,0.0033394901300646982,0.8326286403646669,0.018180721045729018,0.370221776727686,3.022919583195777,1.9986725456664076,1.0454991133688527e-07,5.571984868003848,1
2400.0,0.00334130140313043,0.833077786334625,0.018189358978972763,0.3702957209366576,3.0277795489913206,1.9986721635004379,1.0466209674879644e-07,5.6358120304065045,1
2410.0,0.0033431155325426712,0.8335276649105363,0.01819799685407237,0.37036966464750926,3.03261527174846,1.9986717644443492,1.0477474000581847e-07,5.135435383370065,1
2420.0,0.003344932503891231,0.8339782723976441,0.018206634670978737,0.3704436078598129,3.037426872173139,1.9986713494972959,1.0488176189322644e-07,5.666641673680024,1
2430.0,0.0033467523028381445,0.8344296051196773,0.018215272429652107,0.3705175505732218,3.0422144704081626,1.9986709194493648,1.0498283893330794e-07,5.365304956468924,1
2440.0,0.0033485749151167805,0.8348816594186531,0.01822391013005362,0.37059149278739706,3.0469781860019185,1.998670475070673,1.0507799953232785e-07,5.862544782362416,1
2450.0,0.0033504003265314663,0.8353344316547797,0.018232547772145197,0.3706654345020066,3.051718137910823,1.9986700171147758,1.0516766493653531e-07,5.099108698562181,1
2460.0,0.0033522285229571035,0.8357879182063599,0.018241185355889353,0.3707393757167237,3.0564344445018445,1.9986695463220396,1.0525269021526844e-07,5.09224977170464,1
2470.0,0.0033540594901718293,0.8362421154267393,0.01824982288128964,0.3708133164315793,3.061127225142864,1.9986690625108812,1.0533414708403821e-07,5.13633422711077,1
2480.0,0.0033558932143084932,0.8366970197604134,0.018258460348293874,0.37088725664611816,3.0657965959684477,1.9986685667539414,1.054118124556272e-07,5.395040430502446,1
2490.0,0.0033577296814564627,0.837152627640644,0.018267097756873563,0.370961196360092,3.0704426735871424,1.9986680595915394,1.0548651208687533e-07,5.042217749011809,1
2500.0,0.0033595688777779097,0.8376089355193556,0.018275735107001787,0.37103513557326606,3.0750655740037596,1.9986675415291713,1.0555925163505939e-07,5.704101286057555,1
2510.0,0.0033614107895078146,0.8380659398671355,0.01828437239865321,0.3711090742854193,3.079665412619378,1.9986670130375104,1.0563121665789309e-07,5.433686533896283,1
2520.0,0.003363255402953962,0.8385236371732339,0.01829300963180407,0.37118301249634444,3.0842423042313443,1.9986664745524076,1.0570377261352703e-07,5.670213560139731,1
2530.0,0.003365102704496945,0.8389820239455638,0.018301646806432172,0.3712569502058481,3.0887963630332695,1.9986659264748907,1.0577846486054873e-07,5.468753154298936,1
2540.0,0.003366952680590162,0.8394410967107006,0.01831028392251691,0.37133088741375037,3.0933277026150328,1.998665369171165,1.0585701865798257e-07,5.3291719091470515,1
2550.0,0.003368805317759817,0.839900852013883,0.018318920980039247,0.37140482411988535,3.0978364359627797,1.998664802972613,1.0594133916528987e-07,5.861673123798296,1
2560.0,0.0033706606026049223,0.8403612864190121,0.018327557978981727,0.37147876032410077,3.1023226754589217,1.9986642281757945,1.0603351144236881e-07,5.58879983753454,1
2570.0,0.0033725185210283313,0.8408223963117425,0.018336194919254617,0.37155269602561425,3.1067865389952942,1.9986636466946557,1.0611301204221685e-07,5.113246641564071,1
2580.0,0.0033743790569133168,0.8412841775605928,0.01834483180056885,0.3716266312219056,3.1112281604941696,1.9986630649040547,1.0609748914554403e-07,5.66921373990724,1
2590.0,0.003376242199565083,0.8417466274224984,0.018353468623150588,0.3717005659149464,3.115647630749321,1.998662477650814,1.0606329314803974e-07,5.30334097072793,1
2600.0,0.0033781079357883613,0.8422097425141164,0.018362105386980465,0.3717745001045678,3.120045060407981,1.9986618852759201,1.0601069474630903e-07,5.354243994012431,1
2610.0,0.003379976252464017,0.8426735194716181,0.018370742092041013,0.3718484337906175,3.1244205594872017,1.998661288078389,1.0594024313122605e-07,5.647265025230574,1
2620.0,0.003381847136549048,0.8431379549506901,0.018379378738316656,0.37192236697295955,3.128774237373852,1.9986606863152654,1.05852765987934e-07,5.43196799125885,1
2630.0,0.0033837205750765864,0.8436030456265331,0.018388015325793716,0.3719962996514747,3.1331062028246186,1.998660080201623,1.057493694958451e-07,5.583808699566889,1
2640.0,0.0033855965551558968,0.844068788193863,0.018396651854460412,0.37207023182606014,3.137416563966008,1.9986594699105642,1.0563143832864065e-07,5.330528790986856,1
2650.0,0.0033874750639723778,0.84453517936691,0.018405288324306854,0.3721441634966296,3.141705428294343,1.9986588555732212,1.0550063565427101e-07,5.582456265565106,1
2660.0,0.0033893560887875607,0.8450022158794193,0.018413924735325056,0.3722180946631134,3.1459729026757652,1.9986582372787542,1.0535890313495558e-07,5.606640145414267,1
2670.0,0.003391239616939111,0.8454698944846507,0.018422561087508917,0.37229202532545824,3.150219093346235,1.9986576150743531,1.0520846092718283e-07,5.505505555830563,1
2680.0,0.003393125635840826,0.8459382119553788,0.018431197380854237,0.37236595548362755,3.1544441059115296,1.9986569889652366,1.0505180768171026e-07,5.816725831720833,1
2690.0,0.003395014132982638,0.8464071650838925,0.018439833615358718,0.3724398851376011,3.1586480453472454,1.9986563589146522,1.0489172054356446e-07,6.0435352637594875,1
2700.0,0.003396905095930612,0.8468767506819957,0.018448469791021944,0.37251381428737534,3.1628310159987962,1.9986557248438763,1.0473125515204104e-07,5.257234308757198,1
2710.0,0.003398798512326946,0.8473469655810071,0.018457105907845408,0.3725877429329631,3.166993121581415,1.998655086632215,1.0457374564070468e-07,5.655025174475865,1
2720.0,0.003400694369889971,0.8478178066317601,0.01846574196583249,0.37266167107439385,3.1711344651801507,1.9986544441170027,1.0442280463738911e-07,4.902746698786487,1
2730.0,0.0034025926564141525,0.8482892707046025,0.01847437796498847,0.3727355987117135,3.1752551492498724,1.998653797093603,1.0428232326419715e-07,5.477336585446709,1
2740.0,0.003404493359770089,0.8487613546893968,0.01848301390532052,0.3728095258449846,3.1793552756152668,1.9986531453154082,1.041564711375006e-07,5.860704430055531,1
2750.0,0.003406396467904511,0.8492340554955206,0.018491649786837712,0.3728834524742861,3.183434945470838,1.9986524884938401,1.040496963679404e-07,5.587272783460924,1
2760.0,0.003408301968840284,0.849707370051866,0.01850028560955101,0.3729573785997136,3.1874942593809092,1.9986518262983493,1.0396672556042647e-07,4.929916434103898,1
2770.0,0.003410209850676406,0.8501812953068396,0.018508921373473274,0.3730313042213791,3.191533317279621,1.9986511583564153,1.0391256381413783e-07,5.1386856516948,1
2780.0,0.0034121201015880082,0.8506558282283628,0.01851755707861926,0.3731052293394112,3.1955522184709317,1.9986504842535464,1.0389249472252254e-07,5.501439581843612,1
2790.0,0.0034140327098263557,0.851130965803872,0.01852619272500563,0.37317915395395507,3.199551061628619,1.9986498035332805,1.0391208037329773e-07,5.426189941659586,1
2800.0,0.0034159476637188467,0.8516067050403179,0.01853482831265092,0.3732530780651723,3.2035299447962786,1.998649115697184,1.0397716134844955e-07,5.4282792564555455,1
2810.0,0.003417864951669012,0.852083042964166,0.018543463841575576,0.37332700167324107,3.207488965387322,1.9986484202048522,1.0409385672423323e-07,5.46124790168485,1
2820.0,0.003419784562156517,0.8525599766213967,0.01855209931180194,0.37340092477835607,3.211428220184982,1.9986477164739098,1.0426856407117307e-07,5.345778819190649,1
2830.0,0.0034217064837371593,0.8530375030775048,0.018560734723354254,0.37347484738072856,3.2153478053423075,1.99864700388001,1.0450795945406238e-07,5.602024922678462,1
2840.0,0.0034236307050428704,0.8535156194175,0.018569370076258637,0.3735487694805863,3.2192478163821656,1.9986462817568356,1.0481899743196357e-07,5.250277771338175,1
2850.0,0.0034255572147817155,0.8539943227459066,0.01857800537054312,0.3736226910781735,3.2231283481972426,1.9986455493960977,1.0520891105820808e-07,5.5955061704127855,1
2860.0,0.0034274859927114895,0.8544736078758935,0.0185866406052219,0.3736966121648959,3.226989566122876,1.9986448287866228,1.0545875123686388e-07,6.093894220021076,1
2870.0,0.0034294170277836557,0.8549534719743452,0.01859527578033704,0.3737705327411202,3.2308315630738242,1.9986441189066029,1.0557859438860525e-07,5.321531280558712,1
2880.0,0.0034313503143420855,0.8554339135886926,0.018603910896530747,0.37384445281244505,3.2346543894749518,1.9986434052996367,1.057121737921893e-07,5.392717168370902,1
2890.0,0.003433285841063396,0.855914929815504,0.018612545953800824,0.3739183723788513,3.2384581403436776,1.998642687935942,1.0585940719582458e-07,5.586514574621117,1
2900.0,0.0034352235966867784,0.8563965177673906,0.018621180952145443,0.37399229144032287,3.242242910174022,1.9986419667779298,1.0602015059985701e-07,5.287931476228118,1
2910.0,0.003437163570013995,0.8568786745730059,0.018629815891563144,0.37406620999684703,3.2460087929366055,1.998641241780204,1.0619419825676984e-07,6.160722669865488,1
2920.0,0.003439105749909379,0.8573613973770469,0.018638450772052836,0.37414012804841423,3.2497558820786483,1.9986405128895617,1.0638128267118371e-07,5.614677268849568,1
2930.0,0.0034410501252998367,0.8578446833402527,0.0186470855936138,0.37421404559501814,3.2534842705239724,1.9986397800449929,1.0658107459985662e-07,5.399302959480129,1
2940.0,0.003442996685174845,0.8583285296394052,0.01865572035624569,0.3742879626366557,3.2571940506729984,1.99863904317768,1.0679318305168392e-07,5.837288503848939,1
2950.0,0.0034449454185864537,0.8588129334673298,0.018664355059948515,0.3743618791733269,3.2608853144027488,1.998638302210999,1.0701715528769836e-07,5.492532564266624,1
2960.0,0.0034468963146492833,0.8592978920328939,0.018672989704722677,0.3744357952050353,3.2645581530668455,1.998637557060519,1.0725247682107e-07,5.150498657374852,1
2970.0,0.003448849362540526,0.8597834025610079,0.018681624290568924,0.3745097107317872,3.26821265749551,1.9986368076340013,1.0749857141710632e-07,5.506086986245524,1
2980.0,0.003450804551499947,0.860269462292625,0.01869025881748839,0.37458362575359255,3.2718489179955665,1.9986360538314007,1.0775480109325213e-07,5.167624264468869,1
2990.0,0.003452761870829882,0.8607560684847412,0.01869889328548257,0.37465754027046433,3.2754670243504376,1.998635295544865,1.0802046611908958e-07,5.5532249179284205,1
3000.0,0.003454721309895239,0.8612432184103953,0.018707527694553333,0.3747314542824188,3.2790670658201466,1.9986345326587345,1.0829480501633826e-07,5.571223657517081,1
3010.0,0.0034566828581234976,0.8617309093586686,0.018716162044702916,0.3748053677894754,3.282649131141317,1.998633765049543,1.0857699455885505e-07,5.438322400002269,1
3020.0,0.0034586465046633585,0.862219138547239,0.018724796335911516,0.37487928079146127,3.286213311288596,1.9986329930866156,1.0886550588409722e-07,5.560059735517317,1
3030.0,0.003460612230854843,0.8627079011933819,0.018733430567642907,0.374953193283701,3.289759760389319,1.9986322286748497,1.0914390084957619e-07,5.807931046246751,1
3040.0,0.0034625800329350677,0.8631971963307006,0.0187420647403352,0.37502710527001454,3.2932885120405326,1.9986314619561505,1.0942366190774112e-07,5.402168062634573,1
3050.0,0.0034645499003982234,0.8636870212654193,0.018750698853980053,0.3751010167503291,3.296799654370339,1.998630693045043,1.0970337256109489e-07,6.101951504002503,1
3060.0,0.0034665218227939976,0.8641773733179933,0.018759332908569043,0.37517492772457106,3.300293275040662,1.9986299220586172,1.0998154122223401e-07,5.682952339873475,1
3070.0,0.0034684957897275787,0.8646682498231082,0.018767966904093634,0.37524883819266613,3.3037694612472452,1.99862914911653,1.1025660121384877e-07,5.618817373781806,1
3080.0,0.003470471790859653,0.8651596481296808,0.01877660084054521,0.37532274815453903,3.307228299719652,1.9986283743410032,1.1052691076872311e-07,6.02020536276649,1
3090.0,0.0034724498159064044,0.8656515656008582,0.01878523471791505,0.3753966576101137,3.3106698767212652,1.9986275978568249,1.107907530297347e-07,5.452725513926786,1
3100.0,0.0034744298546395165,0.8661439996140188,0.01879386853619435,0.37547056655931327,3.314094278049288,1.9986268197913493,1.1104633604985494e-07,5.79927510340793,1
3110.0,0.0034764118968861717,0.8666369475607716,0.018802502295374196,0.37554447500206006,3.317501589034743,1.9986260402744964,1.1129179279214889e-07,5.5838648822059715,1
3120.0,0.0034783959325290497,0.8671304068469561,0.018811135995445594,0.3756183829382755,3.320891894542473,1.9986252594387515,1.1152518112977538e-07,5.991335149726899,1
3130.0,0.00348038195150633,0.867624374892643,0.018819769636399444,0.3756922903678802,3.324265278971141,1.9986244774191666,1.117444838459869e-07,5.936400370144116,1
3140.0,0.0034823699438116906,0.8681188491321336,0.018828403218226555,0.375766197290794,3.327621826253229,1.9986236943533593,1.1194760863412967e-07,5.379984521232696,1
3150.0,0.003484359899494308,0.8686138270139601,0.018837036740917645,0.375840103706936,3.3309616198550405,1.9986229103815127,1.1213238809764362e-07,6.316469835818124,1
3160.0,0.003486351808658856,0.8691093060008851,0.01884567020446333,0.3759140096162242,3.3342847427766973,1.9986221256463763,1.1229657975006238e-07,6.02475471621452,1
3170.0,0.0034883456614655094,0.8696052835699025,0.018854303608854144,0.37598791501857604,3.3375912775521415,1.998621340293265,1.124378660150133e-07,5.630555965669101,1
3180.0,0.00349034144812994,0.8701017572122367,0.018862936954080506,0.3760618199139079,3.340881306249135,1.9986205544700602,1.1255385422621742e-07,5.615910598182729,1
3190.0,0.0034923391568596833,0.8705987239039338,0.018871570240209114,0.37613572430280146,3.344154928138841,1.998619766596149,1.1269580156967431e-07,5.585818719158861,1
3200.0,0.003494338777280422,0.8710961809848473,0.01888020346725615,0.37620962818539766,3.3474122303587586,1.9986189762365287,1.1287941477387227e-07,5.797799988983067,1
3210.0,0.003496340301538582,0.8715941264415001,0.018888836635146476,0.3762835315610413,3.3506532784719045,1.9986181850267082,1.1305614498819861e-07,5.692723851345036,1
3220.0,0.003498343719979107,0.8720925577982528,0.018897469743873574,0.3763574344296755,3.353878153475247,1.998617393047052,1.1322571314829731e-07,5.4496166990003285,1
3230.0,0.0035003490229989814,0.8725914725928091,0.01890610279343096,0.3764313367912437,3.357086935929183,1.9986166003775905,1.133878551232844e-07,5.8102078595634055,1
3240.0,0.003502356201047231,0.8730908683762165,0.018914735783812184,0.3765052386456895,3.3602797059575362,1.9986158070980187,1.1354232171574805e-07,5.535958000322729,1
3250.0,0.0035043652446249203,0.8735907427128667,0.018923368715010828,0.376579139992957,3.363456543247559,1.9986150132876976,1.136888786617485e-07,5.346150322752617,1
3260.0,0.0035063761442851566,0.8740910931804943,0.018932001587020506,0.37665304083299045,3.36661752704993,1.9986142190256526,1.1382730663081805e-07,5.837908096959413,1
3270.0,0.0035083888906330876,0.8745919173701783,0.018940634399834864,0.3767269411657344,3.3697627361787568,1.9986134243905753,1.1395740122596114e-07,5.524190212244977,1
3280.0,0.0035104034743259007,0.8750932128863407,0.018949267153447583,0.3768008409911337,3.372892249011574,1.998612629460822,1.140789729836543e-07,5.949009252263128,1
3290.0,0.0035124198860728246,0.8755949773467478,0.018957899847852382,0.3768747403091335,3.3760061434893434,1.9986118343144141,1.1419184737384611e-07,6.091994026505143,1
3300.0,0.0035144381166351286,0.8760972083825094,0.018966532483043006,0.3769486391196792,3.3791044971164554,1.9986110390290388,1.1429586479995728e-07,5.557711975954667,1
3310.0,0.003516458156826123,0.8765999036380787,0.018975165059013237,0.3770225374227166,3.382187386960728,1.998610243682048,1.1439088059888059e-07,5.210096284986188,1
3320.0,0.0035184799975111584,0.877103060771253,0.018983797575756883,0.3770964352181916,3.3852548896534063,1.9986094483504595,1.1447676504098093e-07,5.777311503871266,1
3330.0,0.003520503629607627,0.8776066774531732,0.0189924300332678,0.3771703325060506,3.3883070813891627,1.9986086531109555,1.1455340333009526e-07,6.240698976528525,1
3340.0,0.00352252904408496,0.8781107513683235,0.01900106243153986,0.3772442292862402,3.3913440379260984,1.9986078580398843,1.1462069560353266e-07,5.8453332354322285,1
3350.0,0.0035245562319646314,0.8786152802145323,0.019009694770566982,0.37731812555870714,3.394365834585741,1.9986070632132589,1.1467855693207427e-07,6.54927365447759,1
3360.0,0.003526585180700154,0.8791202607742251,0.01901832705049548,0.377392021324727,3.397372577333547,1.9986062652565173,1.1475320899721869e-07,5.683610436327764,1
3370.0,0.003528615884054976,0.8796256914486947,0.019026959271208312,0.37746591658327927,3.400364317969542,1.998605466759193,1.1482543799403636e-07,5.5704214854236165,1
3380.0,0.0035306483332792292,0.8801315699944103,0.019035591432696425,0.37753981133428516,3.4033411298827594,1.9986046678654297,1.1489467697230852e-07,5.969279710980145,1
3390.0,0.003532682519520252,0.8806378941414608,0.019044223534957334,0.3776137055777228,3.4063030873550226,1.9986038685714635,1.1496149845149011e-07,5.865876590871586,1
3400.0,0.0035347184339744055,0.8811446616325043,0.01905285557798871,0.3776875993135719,3.4092502642574907,1.9986030688703205,1.1502651180207853e-07,5.712510322887698,1
3410.0,0.003536756067887075,0.8816518702227684,0.019061487561788378,0.37776149254181335,3.412182734050662,1.9986022687518146,1.1509036324561381e-07,5.635992164696133,1
3420.0,0.0035387954125526686,0.8821595176800506,0.019070119486354335,0.3778353852624297,3.4151005697843706,1.9986014682025497,1.1515373585467852e-07,5.8669181688442595,1
3430.0,0.003540836459314616,0.8826676017847174,0.01907875135168473,0.37790927747540476,3.4180038440977887,1.9986006672059182,1.1521734955289777e-07,5.100271927455215,1
3440.0,0.0035428791995653713,0.8831761203297047,0.019087383157777874,0.3779831691807237,3.4208926292194257,1.998599865742102,1.1528196111493924e-07,6.2907570484517485,1
3450.0,0.003544923624746411,0.8836850711205185,0.019096014904632235,0.3780570603783732,3.4237669969671276,1.9985990637880717,1.1534836416651317e-07,5.617823092969907,1
3460.0,0.0035469697263482347,0.8841944519752334,0.01910464659224645,0.3781309510683412,3.4266270187480794,1.9985982613175868,1.1541738918437234e-07,5.255454055950256,1
3470.0,0.003549017495910365,0.8847042607244939,0.019113278220619305,0.3782048412506171,3.429472765558802,1.998597458301196,1.1548990349631213e-07,5.523314322320384,1
3480.0,0.003551066925021347,0.8852144952115143,0.019121909789749755,0.37827873092519176,3.432304307985154,1.9985966547062375,1.1556681128117041e-07,6.264378348555801,1
3490.0,0.00355311800531875,0.8857251532920775,0.019130541299636913,0.37835262009205733,3.4351217162023318,1.9985958504968375,1.1564905356882769e-07,5.743862677858905,1
3500.0,0.003555170728489164,0.8862362328345366,0.01913917275028005,0.3784265087512074,3.4379250599748685,1.9985950456339119,1.1573760824020696e-07,5.970902520422714,1
3510.0,0.0035572250862682046,0.8867477317198137,0.019147804141678593,0.37850039690263704,3.4407144086566346,1.9985942400751657,1.158334900272738e-07,6.084646821633773,1
3520.0,0.0035592810686770507,0.8872596473893076,0.019156435473810393,0.37857428454615294,3.443489845889624,1.9985934342496225,1.1592213129059594e-07,6.520668977519607,1
3530.0,0.0035613386661115204,0.8877719773804639,0.019165066746657456,0.37864817168159837,3.446251452191091,1.9985926284954747,1.1599188527296904e-07,6.116747259536771,1
3540.0,0.0035633978726172136,0.8882847201664142,0.019173697960246382,0.3787220583092051,3.4489992776545604,1.998591822178774,1.1606303455189024e-07,5.618105086436319,1
3550.0,0.0035654586800291355,0.8887978736535677,0.01918232911457605,0.37879594442896314,3.451733390797281,1.9985910152704027,1.1613588476117175e-07,6.253182037008638,1
3560.0,0.0035675210802276953,0.8893114357599752,0.019190960209645454,0.3788698300408639,3.4544538597559975,1.9985902077390059,1.1621074633961937e-07,5.9180734215968815,1
3570.0,0.003569585065138707,0.8898254044153292,0.019199591245453704,0.3789437151448994,3.4571607522869483,1.9985893995509911,1.1628793453103233e-07,5.7900097549463725,1
3580.0,0.00357165062673339,0.8903397775609643,0.01920822222200003,0.37901759974106286,3.459854135765866,1.998588590670529,1.1636776938420343e-07,6.100473803555218,1
3590.0,0.0035737177570283685,0.8908545531498574,0.019216853139283775,0.3790914838293486,3.4625340771879807,1.9985877810595525,1.1645057575291898e-07,5.599682262048643,1
3600.0,0.0035757864480856706,0.8913697291466266,0.019225483997304393,0.37916536740975176,3.4652006431680147,1.9985869706777568,1.1653668329595875e-07,5.446828546106861,1
