time,sclerostin_bone,sclerostin_sensor,rankl_bone,opg_bone,osteocytes,osteoblasts,osteoclasts,biosensor_signal,detection_event
0.0,0.06421642081056775,0.025000000000000005,0.46301970246998225,4.601236931666195,1.0,1.0,1.0,1.0683975247771187,1
10.0,0.0029078889822831324,0.6381320617253522,0.03591786658467585,0.35706671394157224,1.0052308841341218,1.0484957252154585,0.9048384706402404,12.952559078077961,1
20.0,0.002570113572997494,0.6416008378327421,0.01668516603419944,0.16596060999366388,1.010909369803664,1.094849816405587,0.8187317208048702,10.604062878975771,1
30.0,0.002568611739386569,0.641707707461049,0.015823220633291883,0.15740796560251116,1.017010549404833,1.1389444252783385,0.7408191041543998,10.297068099006475,1
40.0,0.002568968879945829,0.641796617810346,0.015788765090580654,0.15707840484273355,1.0235103207492466,1.180888514413668,0.6703208530238687,11.365534717617432,1
50.0,0.0025693396539779143,0.641886059671322,0.015791657713765672,0.1571201486158762,1.0303857721683858,1.2207869590256264,0.6065313975207943,11.004647129759787,1
60.0,0.002569713857277746,0.6419761715508417,0.015796268715153196,0.15717912947689056,1.0376151267130453,1.2587395262697856,0.5488123114548762,12.868658599334042,1
70.0,0.002570091521785081,0.6420669874771787,0.01580102111695231,0.1572396688625012,1.0451776867372005,1.294841117642351,0.4965859225979914,11.689777812481351,1
80.0,0.002570472738297138,0.6421585388709207,0.015805831537454122,0.15730093070785173,1.0530537811763427,1.3291820062326891,0.44932953173972173,11.541914481997825,1
90.0,0.0025708575884618207,0.6422508553251763,0.015810686521989845,0.157362774189936,1.0612247153960854,1.3618480624483023,0.4065701814829996,11.265207606593178,1
100.0,0.0025712461504892145,0.6423439646437562,0.015815596759025562,0.15742529874745367,1.069672723489091,1.3929209687224042,0.36787992321697677,11.06425355039829,1
110.0,0.0025716384947956678,0.6424378929754204,0.015820558220417984,0.15748845790807475,1.0783809228692276,1.4224784238837025,0.33287152898473105,11.46975709049196,1
120.0,0.002572034688451321,0.6425326648555398,0.015825556762017842,0.15755210498930497,1.0873332711454626,1.4505943372671797,0.30119462370946476,11.080429857044491,1
130.0,0.0025724347938752327,0.6426283033011806,0.015830598531438658,0.15761629525024456,1.0965145250423427,1.4773390136149969,0.2725321744710538,10.588272288944625,1
140.0,0.002572838869488004,0.6427248298825466,0.015835677480626247,0.15768096304397394,1.1059102013542441,1.5027793288251978,0.24659731932351303,11.790046204814754,1
150.0,0.0025732469691959006,0.6428222648022427,0.015840794298005296,0.1577461099356091,1.1155065398303718,1.5269788970118507,0.22313050164515874,11.25952021664006,1
160.0,0.002573659143068445,0.6429206269593146,0.015845948790099623,0.15781172898394583,1.1252904677041355,1.5499982301652684,0.20189685218211348,12.674650323037127,1
170.0,0.002574075437832861,0.643019934011281,0.015851137300855703,0.15787777908431821,1.1352495661414697,1.5718948891767628,0.18268384893265735,11.955870022643001,1
180.0,0.0025744958964418353,0.643120202442179,0.015856357017812312,0.1579442277478117,1.145372038314246,1.5927236275502612,0.16529919841022844,12.724254459038972,1
190.0,0.0025749205585262453,0.6432214476183702,0.015861606892864703,0.15801106023976177,1.1556466791693782,1.6125365274830719,0.14956893339010519,11.73803326216605,1
200.0,0.0025753494606745833,0.6433236838439574,0.015866886437504203,0.15807826759695914,1.1660628462572755,1.631383131179437,0.13533563787155514,10.879338603930197,1
210.0,0.002575782636424988,0.6434269244161478,0.015872194165242687,0.15814583113941766,1.1766104320253155,1.6493105655712683,0.12245684973503788,10.52813349943236,1
220.0,0.00257622011646763,0.6435311816752783,0.015877528355244565,0.15821373004897202,1.1872798377260498,1.6663636597723501,0.11080364811990025,10.480230355593257,1
230.0,0.0025766619288122134,0.6436364670524509,0.015882887550443935,0.1582819463099206,1.198061948696297,1.6825850563633242,0.10025938495694785,11.751710965087385,1
240.0,0.0025771080989155566,0.6437427911158491,0.01588827045743955,0.15835046370535624,1.2089481104930777,1.6980153188207305,0.09071850223071816,10.657170572234225,1
250.0,0.002577558649811609,0.6438501636132007,0.015893676104300553,0.15841926937711384,1.2199301069455004,1.7126930303239518,0.08208553901796264,10.319095707870078,1
260.0,0.002578013602212778,0.6439585935145334,0.015899103449873303,0.1584883499351904,1.231000138202756,1.7266548925796101,0.07427411032408826,11.341071330590228,1
270.0,0.0025784729746538017,0.6440680890514234,0.015904551360783763,0.15855769122159302,1.242150800322598,1.7399358177135265,0.06720604081956798,10.74866214125068,1
280.0,0.0025789367836010512,0.644178657754429,0.015910018806715106,0.1586272802436271,1.2533750659399285,1.7525690153019726,0.060810589806292656,10.499231986964093,1
290.0,0.002579405043554996,0.6442903064888551,0.01591550482885777,0.15869710485348548,1.2646662658040901,1.7645860754935714,0.055023743112284876,10.816808593608304,1
300.0,0.0025798777671517397,0.6444030414886933,0.015921008580256243,0.15876715414262985,1.2760180712331217,1.7760170480046493,0.049787577040702156,11.79322932525677,1
310.0,0.00258035496525627,0.6445168683885312,0.015926529194458097,0.15883741713037697,1.2874244776241393,1.7868905163617934,0.045049693107753676,10.999261815982772,1
320.0,0.002580836647061679,0.6446317922545101,0.01593206581111782,0.1589078830123369,1.2988797884093464,1.7972336701389258,0.040762676827404656,10.583886524380638,1
330.0,0.0025813228201732857,0.6447478176135438,0.015937617646622458,0.1589785418565939,1.3103785999581263,1.8070723729368123,0.036883623671449796,11.70883629090974,1
340.0,0.0025818134906907785,0.6448649484809935,0.015943183964376297,0.15904938430307433,1.3219157872598153,1.8164312268492775,0.03337371289245582,10.89085940917888,1
350.0,0.002582308663288658,0.6449831883873247,0.015948764070633285,0.15912040151697884,1.3334864901241277,1.8253336345998474,0.03019781102169206,10.017055383192165,1
360.0,0.0025828083412904206,0.6451025404028835,0.015954357286607608,0.1591915849068503,1.345086100353327,1.833801857305267,0.027324132412575183,10.443566066865273,1
370.0,0.002583312526741091,0.6452230071618046,0.015959962959198534,0.1592629262265224,1.356710249356764,1.8418570702482113,0.024723918341499614,12.20184068124153,1
380.0,0.002583821220474255,0.6453445908848023,0.015965580482339273,0.1593344177828606,1.368354796351739,1.8495194160113588,0.022371146200265785,11.043420632539913,1
390.0,0.0025843344221768753,0.6454672934007445,0.01597120928025622,0.15940605226523008,1.380015817182954,1.8568080548276071,0.02024226932274622,11.462575872557343,1
400.0,0.0025848521304507686,0.6455911161671155,0.01597684880273982,0.15947782269454044,1.3916895937155163,1.8637412123491,0.018315982769552017,10.762816049144535,1
410.0,0.0025853743428717454,0.6457160602897958,0.015982498523153015,0.15954972239962462,1.4033726035803615,1.8703362258302487,0.016573004254249166,11.756977167500416,1
420.0,0.002585901056044095,0.6458421265412403,0.015988157938830624,0.15962174501768547,1.415061510744388,1.8766095865992498,0.014995890504828056,11.161378263564451,1
430.0,0.0025864322656536567,0.6459693153783065,0.015993826577255316,0.15969388455221267,1.4267531562621265,1.8825769817125915,0.013568857974619031,11.456851514217565,1
440.0,0.0025869679665181692,0.6460976269590302,0.01599950398796291,0.15976613528929123,1.4384445495678972,1.8882533331771614,0.012277624893005292,10.98810782017389,1
450.0,0.0025875081526349052,0.6462270611585417,0.016005189741032155,0.15983849177950715,1.450132860211031,1.8936528351783761,0.011109269011080546,10.576482176746469,1
460.0,0.0025880528172263005,0.6463576175843355,0.01601088342698143,0.15991094883395765,1.4618154099248621,1.8987889898061743,0.010052096436742888,12.490284906321127,1
470.0,0.002588601952782883,0.6464892955906266,0.016016584656307502,0.15998350151688026,1.4734896651655203,1.9036746406667067,0.00909552605304732,11.794033336427521,1
480.0,0.0025891555511040375,0.6466220942919979,0.01602229306021446,0.16005614515024516,1.4851532300170438,1.9083220048453842,0.008229984661836987,11.81199350819454,1
490.0,0.0025897136033372296,0.6467560125764995,0.016028008287142105,0.1601288752767115,1.4968038393768244,1.9127427036082991,0.0074468099415541875,11.08503623015611,1
500.0,0.0025902761000150213,0.6468910491180422,0.016033730002157798,0.16020168765117404,1.508439352506985,1.9169477914567352,0.006738163802845424,11.774341557344325,1
510.0,0.002590843031090144,0.6470272023881363,0.016039457886793538,0.16027457823686012,1.520057746921706,1.9209477836697348,0.006096954519196465,11.15595700586313,1
520.0,0.0025914143859694224,0.6471644706672434,0.016045191638148402,0.16034754319420075,1.5316571124743352,1.9247526829475072,0.005516763749472217,10.853494054884186,1
530.0,0.0025919901535450146,0.6473028520552372,0.01605093096856777,0.1604205788756046,1.5432356459039065,1.9283720039872254,0.004991784923989345,11.359959002482885,1
540.0,0.002592570322224867,0.6474423444815941,0.01605667560407592,0.16049368180789633,1.55479164552026,1.9318147974350175,0.004516764100189542,11.309327434825018,1
550.0,0.0025931548799614634,0.6475829457150264,0.016062425283926665,0.1605668486859719,1.5663235061770946,1.9350896725420648,0.00408694724620651,10.650869645199174,1
560.0,0.0025937438142790924,0.6477246533726155,0.016068179760203836,0.16064007636704591,1.5778297145025306,1.9382048186617273,0.0036980328106154745,12.012593216628868,1
570.0,0.0025943371122998543,0.6478674649285243,0.016073938797119353,0.16071336186197416,1.5893088443463261,1.941168025771562,0.0033461284609885723,10.606097897922883,1
580.0,0.0025949347607684167,0.6480113777222924,0.016079702170461153,0.16078670232814576,1.6007595524421105,1.9439867040276024,0.0030277118687647327,12.206988497442238,1
590.0,0.002595536746075164,0.6481563889665973,0.016085469666835495,0.1608600950604356,1.6121805743458433,1.9466679020753948,0.002739596380979924,11.353463251319624,1
600.0,0.0025961430542786176,0.6483024957547725,0.01609124108323443,0.16093353748543351,1.62357072049813,1.9492183248035744,0.00247889854381113,11.108362790615049,1
610.0,0.0025967536711265847,0.6484496950679003,0.016097016226606746,0.16100702715579068,1.6349288725067217,1.9516443501064178,0.002243009267292685,11.241333891579142,1
620.0,0.002597368582076198,0.6485979837815329,0.01610279491332289,0.16108056174358362,1.6462539796206677,1.9539520447837762,0.002029567876997168,10.62553918387004,1
630.0,0.0025979877723132003,0.6487473586721659,0.016108576968711798,0.16115413903444056,1.6575450553321187,1.9561471798664616,0.001836437973427595,12.305462626826825,1
640.0,0.0025986112267698653,0.6488978164232542,0.016114362226588345,0.16122775692166244,1.6688011742136886,1.9582352448813811,0.0016616866357576719,12.166026375671771,1
650.0,0.0025992389301422478,0.6490493536310055,0.016120150528873542,0.1613014134013093,1.6800214688709467,1.9602214615984563,0.0015035649726321096,11.738190845873074,1
660.0,0.0025998708669066,0.6492019668098926,0.016125941725219504,0.1613751065673867,1.6912051270397994,1.9621107971253797,0.0013604904967214173,11.405548349932104,1
670.0,0.0026005070213349023,0.6493556523978741,0.016131735672607922,0.1614488346068262,1.7023513888347654,1.9639079763231733,0.0012310313052061,11.230809127694057,1
680.0,0.00260114737750957,0.6495104067613386,0.016137532234992254,0.1615225957949531,1.7134595441385372,1.9656174935857946,0.0011138918345720544,10.623837285172112,1
690.0,0.0026017919193376663,0.6496662261998853,0.016143331282951666,0.16159638849110292,1.7245289300782536,1.9672436242294205,0.0010078995305329286,10.239141573564515,1
700.0,0.0026024406305639363,0.6498231069507068,0.01614913269338082,0.1616702111346695,1.7355589287042477,1.9687904349703365,0.0009119936466721736,12.517852515486315,1
710.0,0.002603093494783566,0.6499810451928872,0.016154936349185262,0.16174406224122642,1.7465489647150152,1.9702617941947607,0.0008252143612770244,11.280162156251432,1
720.0,0.0026037504954541783,0.6501400370514399,0.016160742138978057,0.1618179403987106,1.757498503315199,1.971661381629894,0.0007466931797472907,11.516660754724972,1
730.0,0.00260441161590719,0.650300078601134,0.016166549956803174,0.16189184426391193,1.7684070481826346,1.9729926975240455,0.0006756442850979382,10.535225172171394,1
740.0,0.0026050768393586898,0.6504611658701638,0.01617235970187004,0.1619657725591049,1.7792741395176856,1.9742590714563089,0.000611356562911061,11.03354565860017,1
750.0,0.002605746148919651,0.6506232948435905,0.016178171278304152,0.1620397240688828,1.7900993522082427,1.9754636706255735,0.0005531865680145916,11.62804334076533,1
760.0,0.0026064195276056194,0.6507864614666126,0.01618398459490967,0.16211369763714512,1.8008822940849933,1.9766095077331438,0.0005005521436000972,11.338528837928727,1
770.0,0.002607096958345993,0.6509506616476997,0.016189799564936564,0.16218769216415557,1.81162260424602,1.9776994485532684,0.00045292652340771716,11.530334369022258,1
780.0,0.002607778423992783,0.6511158912615533,0.016195616105864844,0.16226170660380373,1.8223199514715622,1.9787362190977449,0.0004098330639189359,11.745628240105468,1
790.0,0.002608463907328897,0.6512821461519072,0.016201434139199805,0.16233573996100711,1.8329740327215793,1.9797224124077695,0.0003708405094563925,10.686975343180338,1
800.0,0.002609153391076132,0.6514494221342312,0.01620725359027302,0.16240979128918884,1.8435845716825665,1.9806604951240354,0.00033555855481487987,13.725532933554277,1
810.0,0.002609846857902516,0.6516177149982173,0.01621307438805924,0.16248385968795548,1.8541513174275694,1.981552813547202,0.00030363409698898374,11.249167181396292,1
820.0,0.0026105442904294463,0.6517870205101995,0.016218896464996434,0.16255794430081869,1.864674043110381,1.9824015995444522,0.0002747476381104717,10.720958876543175,1
830.0,0.002611245671238422,0.6519573344154357,0.016224719756817267,0.16263204431305722,1.875152544730743,1.9832089761363612,0.00024861008024784875,11.380894091209372,1
840.0,0.0026119509828774054,0.6521286524402675,0.01623054420238887,0.16270615894968546,1.8855866399630175,1.983976962798003,0.0002249598413097948,10.57029161955043,1
850.0,0.0026126602078668745,0.6523009702941764,0.016236369743559537,0.16278028747351,1.8959761670382604,1.9847074805195868,0.00020356022441172012,10.623424080804078,1
860.0,0.00261337332870557,0.6524742836717382,0.016242196325012788,0.16285442918327944,1.9063209836792943,1.9854023566284817,0.0001841970332425638,11.057331031210305,1
870.0,0.0026140903278757226,0.6526485882544022,0.016248023894133434,0.16292858341198743,1.9166209661259492,1.9860633292051972,0.000166676576906908,10.806586308155325,1
880.0,0.0026148111878483036,0.652823879712281,0.016253852400873396,0.1630027495251711,1.9268760081551974,1.9866920515223714,0.0001508236326900766,11.41847758922519,1
890.0,0.0026155358910880675,0.6530001537058681,0.01625968179762242,0.16307692691927203,1.9370860201386442,1.9872900963155171,0.0001364795572996632,10.884698102082902,1
900.0,0.002616264420058265,0.6531774058876478,0.016265512039086556,0.1631511150200953,1.9472509281558854,1.9878589598022216,0.00012350064122333427,11.869424165322469,1
910.0,0.0026169967572244263,0.6533556319033924,0.01627134308218834,0.16322531328154485,1.9573706732695424,1.988400064973256,0.0001117570572919285,11.50912481900096,1
920.0,0.002617732885059773,0.6535348273940039,0.016277174885928836,0.16329952118387422,1.9674452105181417,1.9889147661542947,0.00010113072629646472,11.711693595390736,1
930.0,0.0026184727860466394,0.6537149879960255,0.016283007411343524,0.16337373823312742,1.9774745085991448,1.9894043504596686,9.151575030975737e-05,11.367387715276339,1
940.0,0.00261921644268335,0.6538961093439708,0.016288840621329813,0.16344796395895228,1.9874585486089396,1.9898700434929206,8.281534836283058e-05,10.763642846365688,1
950.0,0.002619963837484385,0.6540781870704134,0.016294674480632803,0.16352219791441994,1.9973973239443088,1.9903130098166883,7.494288589588015e-05,10.54934141951879,1
960.0,0.0026207149529865067,0.6542612168080691,0.01630050895569021,0.16359643967405904,2.0072908391708006,1.9907343580752184,6.78194077826248e-05,12.031861623681305,1
970.0,0.002621469771749807,0.6544451941901788,0.016306344014597563,0.16367068883341418,2.0171391097725424,1.991135142146976,6.137387782439363e-05,12.030324202692315,1
980.0,0.0026222282763623214,0.6546301148520842,0.0163121796269888,0.16374494500753262,2.0269421612828324,1.9915163650863101,5.5541692651479517e-05,11.161377365825128,1
990.0,0.002622990449441545,0.6548159744317684,0.016318015763990317,0.16381920783038165,2.0367000289525614,1.9918789806425132,5.0264586023619915e-05,12.760481656936653,1
1000.0,0.0026237562736379796,0.6550027685710741,0.01632385239812695,0.16389347695365672,2.046412757066333,1.9922238963658259,4.548965170975589e-05,11.445399152628198,1
1010.0,0.002624525731637037,0.6551904929163738,0.016329689503266805,0.16396775204608185,2.056080398543479,1.9925519754300953,4.116908875498128e-05,12.137781381621634,1
1020.0,0.002625298806161413,0.6553791431193963,0.016335527054555023,0.16404203279257035,2.0657030144579607,1.9928640388207506,3.725967993453673e-05,11.748782119241898,1
1030.0,0.002626075479973766,0.6555687148381556,0.01634136502834034,0.16411631889329328,2.07528067350524,1.9931608677617718,3.372221246063275e-05,12.881768477372466,1
1040.0,0.002626855735877813,0.6557592037373501,0.01634720340213908,0.16419061006322364,2.0848134517440275,1.9934432049040727,3.052140618122968e-05,11.755017163863489,1
1050.0,0.002627639556721612,0.6559506054894928,0.01635304215454743,0.16426490603102376,2.094301431958365,1.9937117572246459,2.7625131260078477e-05,12.883279600155698,1
1060.0,0.002628426925397974,0.6561429157750827,0.016358881265221774,0.16433920653879622,2.103744703519065,1.993967196675518,2.5004514123239034e-05,11.20469768763425,1
1070.0,0.002629217824847551,0.6563361302836688,0.016364720714795496,0.16441351134102897,2.1131433617790334,1.9942101629331697,2.2633249264511174e-05,12.896792551947485,1
1080.0,0.0026300122380592574,0.6565302447140255,0.016370560484859152,0.1644878202043442,2.122497507933532,1.9944412640526805,2.0487679334375085e-05,11.270673606308844,1
1090.0,0.002630810148072829,0.6567252547750393,0.01637640055788987,0.1645621329066031,2.1318072485079402,1.9946610788006038,1.8546263117445222e-05,12.617927652343646,1
1100.0,0.002631611537979418,0.6569211561859407,0.01638224091722746,0.1646364492366034,2.1410726951881247,1.9948701574437593,1.6789609923047067e-05,12.566703900176774,1
1110.0,0.0026324163909235113,0.6571179446769787,0.01638808154701899,0.16471076899337628,2.1502939644194052,1.9950690235808994,1.5200110466253915e-05,11.140591757559736,1
1120.0,0.002633224690103901,0.6573156159897771,0.016393922432186063,0.1647850919857719,2.159471177172164,1.9952581752233374,1.3761860440338445e-05,11.577458906938832,1
1130.0,0.0026340364187748162,0.6575141658777456,0.01639976355838815,0.1648594180319944,2.16860445867841,1.9954380860063134,1.2460486220967686e-05,12.092465299640565,1
1140.0,0.0026348515602473734,0.6577135901065969,0.0164056049119784,0.1649337469590415,2.177693938113141,1.9956092066493982,1.1282940525353862e-05,11.330606311925951,1
1150.0,0.0026356700978894866,0.6579138844543483,0.016411446479996306,0.16500807860261218,2.1867397485461058,1.9957719651974475,1.0217580268924394e-05,11.257818212417396,1
1160.0,0.002636492015128901,0.6581150447123697,0.016417288250085465,0.1650824128060633,2.1957420263441287,1.9959267697393546,9.25365558374753e-06,11.376726383390734,1
1170.0,0.0026373172954527128,0.6583170666852537,0.016423130210495705,0.1651567494204371,2.204700911192193,1.9960740083363553,8.381462684037439e-06,11.447012948760237,1
1180.0,0.0026381459224066118,0.658519946190592,0.01642897235009195,0.16523108830457345,2.2136165461634114,1.996214048729804,7.5925486793838396e-06,11.550756242197433,1
1190.0,0.002638977879600824,0.6587236790610013,0.016434814658201846,0.16530542932317818,2.2224890766080647,1.996347243374885,6.878650607200804e-06,12.362447690297374,1
1200.0,0.002639813150705149,0.6589282611424875,0.016440657124725883,0.16537977234821907,2.2313186509653593,1.996473925802779,6.232680431057336e-06,11.230004118590829,1
1210.0,0.0026406517194512685,0.6591336882952525,0.016446499740072472,0.16545411725810288,2.240105420293126,1.9965944127650588,5.648352727335895e-06,12.249722564164669,1
1220.0,0.0026414935696372835,0.6593399563952468,0.016452342495039327,0.16552846393617154,2.248849537404021,1.9967090081529664,5.119406270381417e-06,12.519193481564953,1
1230.0,0.002642338685120981,0.6595470613319395,0.01645818538096656,0.1656028122726431,2.257551157991984,1.996817997939127,4.6408287906313954e-06,12.79936607291397,1
1240.0,0.0026431870498265253,0.6597549990105972,0.0164640283895659,0.1656771621624465,2.2662104393865885,1.9969216558200058,4.207762033252296e-06,13.410444326179714,1
1250.0,0.002644038647743301,0.6599637653519238,0.016469871512939337,0.16575151350545825,2.2748275406947767,1.997020242599397,3.8157285553606125e-06,11.153880891570823,1
1260.0,0.0026448934629231483,0.6601733562911624,0.016475714743637262,0.16582586620723905,2.28340262323117,1.997114004268735,3.461028560400289e-06,12.554797842845945,1
1270.0,0.0026457514794858777,0.6603837677799803,0.016481558074515006,0.16590022017721545,2.291935849473308,1.997203176745616,3.1400284541230943e-06,10.591503814415152,1
1280.0,0.0026466126816163645,0.6605949957855206,0.016487401498794685,0.16597457532946377,2.30042738351914,1.9972879838307653,2.8495298894042095e-06,12.13978198499959,1
1290.0,0.002647477053564797,0.6608070362905157,0.016493245010050218,0.16604893158252004,2.308877390982101,1.9973686377034638,2.5867096524165378e-06,11.77505513693017,1
1300.0,0.0026483445796493203,0.6610198852942082,0.01649908860213327,0.16612328885844138,2.3172860384545246,1.9974453413678461,2.3488883456370586e-06,12.933529528823122,1
1310.0,0.002649215244253881,0.6612335388116541,0.016504932269217298,0.16619764708336437,2.3256534938346176,1.997518287197305,2.13371662927723e-06,12.64749962987439,1
1320.0,0.0026500890318293365,0.6614479928741257,0.016510776005761337,0.16627200618704577,2.333979926066335,1.9975876581316825,1.939069479097651e-06,11.721212220339854,1
1330.0,0.002650965926894835,0.6616632435296078,0.016516619806466886,0.1663463661023162,2.342265504829157,1.9976536291008808,1.7629083727466866e-06,12.569381593869307,1
1340.0,0.0026518459140352332,0.6618792868419549,0.016522463666332764,0.1664207267657752,2.350510400943736,1.997716365213626,1.6035552742349144e-06,10.980965387921058,1
1350.0,0.0026527289779040317,0.6620961188919114,0.016528307580573623,0.16649508811675875,2.3587147857812583,1.9977760244481981,1.459373161291384e-06,11.16996310969506,1
1360.0,0.002653615103222509,0.6623137357768506,0.01653415154463238,0.16656945009749632,2.3668788313589313,1.9978327572426666,1.3288608400731986e-06,12.17297630011262,1
1370.0,0.0026545042747781813,0.6625321336102803,0.016539995554209635,0.16664381265348407,2.375002710559732,1.9978867055229024,1.2107984738090575e-06,10.660062752579636,1
1380.0,0.002655396477427878,0.6627513085229149,0.016545839605178223,0.1667181757324017,2.383086596512894,1.9979380055250682,1.103952581665325e-06,12.571705914365289,1
1390.0,0.002656291696095719,0.662971256662019,0.016551683693624798,0.1667925392846393,2.3911306629023015,1.9979867864223575,1.0072508867956469e-06,10.542646968723547,1
1400.0,0.0026571899157730836,0.6631919741914241,0.01655752781584197,0.16686690326319828,2.3991350839138863,1.9980331705837708,9.197614475666459e-07,12.156301935505759,1
1410.0,0.002658091121520207,0.6634134572921031,0.01656337196827896,0.16694126762306505,2.407100033879844,1.9980772752056803,8.405908863840109e-07,11.633689827575445,1
1420.0,0.0026589952984640798,0.6636357021614812,0.016569216147586604,0.16701563232178204,2.4150256876116174,1.9981192108242172,7.689787079854577e-07,10.065760499067977,1
1430.0,0.0026599024317997683,0.6638587050139166,0.016575060350574457,0.16708999731890378,2.42291222009171,1.998159082732528,7.042298071931908e-07,11.090068295949271,1
1440.0,0.0026608125067912615,0.6640824620810183,0.016580904574180235,0.16716436257560946,2.4307598062554843,1.9981969919903977,6.456711578203411e-07,12.737161568774475,1
1450.0,0.002661725508770549,0.6643069696113599,0.016586748815484786,0.16723872805489284,2.4385686211048876,1.9982330349292952,5.926785005713409e-07,10.509417715812745,1
1460.0,0.002662641423135845,0.6645322238699031,0.016592593071749182,0.1673130937220323,2.4463388399830928,1.9982673019276915,5.447536300007581e-07,10.358874723246577,1
1470.0,0.0026635602353511623,0.6647582211378794,0.016598437340416973,0.1673874595446195,2.4540706385955624,1.9982998773360485,5.015356827895696e-07,11.447843769987113,1
1480.0,0.0026644819309532136,0.664984957715178,0.016604281618926967,0.1674618254901861,2.4617641916502984,1.9983308456619429,4.624657841644336e-07,11.917931879330041,1
1490.0,0.0026654064955450706,0.6652124299182074,0.01661012590486835,0.16753619152817006,2.4694196739927197,1.998360286445416,4.270779490459091e-07,11.908484149535205,1
1500.0,0.0026663339147966914,0.6654406340801056,0.016615970195958403,0.16761055762963323,2.477037260447654,1.9983882749954358,3.949672368933687e-07,11.31620027098377,1
1510.0,0.002667264174438233,0.6656695665484805,0.01662181449020746,0.16768492376935235,2.4846171270254267,1.9984148769405066,3.6610765805517606e-07,12.460554371272856,1
1520.0,0.00266819726027731,0.6658992236913422,0.01662765878546178,0.16775928992002442,2.4921594475966455,1.9984401633293425,3.4000019983759674e-07,11.911024424509364,1
1530.0,0.002669133158185464,0.6661296018925041,0.016633503079746238,0.16783365605661069,2.499664396392807,1.998464199310655,3.163249489483014e-07,12.679688303766053,1
1540.0,0.0026700718541016644,0.6663606975528086,0.016639347371164626,0.16790802215507278,2.507132147284547,1.998487047426779,2.9476127275423396e-07,10.722853846411846,1
1550.0,0.002671013334024087,0.666592507087335,0.01664519165810768,0.1679823881950098,2.514562875299843,1.998508760740996,2.7535061623122543e-07,10.965776440709575,1
1560.0,0.002671957584025886,0.6668250269308416,0.016651035938828274,0.16805675415427349,2.5219567535373915,1.9985293968711935,2.5777496194979383e-07,10.845321290857031,1
1570.0,0.0026729045902445254,0.6670582535341335,0.016656880211713958,0.1681311200124226,2.529313955154005,1.9985490089870206,2.418301112297197e-07,10.929982388672936,1
1580.0,0.002673854338883601,0.6672921833647155,0.016662724475230227,0.16820548575000416,2.5366346529563835,1.9985676476833876,2.2733484811915937e-07,12.303655111504264,1
1590.0,0.0026748068162102193,0.6675268129059099,0.016668568727984563,0.16827985134936513,2.5439190198696067,1.9985853588649023,2.1420371789286999e-07,11.346294205866258,1
1600.0,0.0026757620085586724,0.6677621386581643,0.016674412968615524,0.16835421679324644,2.551167228137046,1.998602187410281,2.0232228235823966e-07,10.998793996025942,1
1610.0,0.0026767199023299353,0.6679981571389055,0.016680257195797767,0.16842858206484662,2.558379449361149,1.9986181770060814,1.9155602629801858e-07,11.893372363072158,1
1620.0,0.0026776804839897914,0.6682348648819172,0.016686101408285105,0.1685029471483677,2.5655558548199453,1.9986333687243594,1.8180308791830114e-07,12.879601099065574,1
1630.0,0.0026786437400686297,0.668472258437291,0.01669194560490964,0.16857731202900422,2.5726966154638755,1.9986478010511337,1.729756407099669e-07,12.298690411536601,1
1640.0,0.0026796096571614727,0.668710334371467,0.01669778978457151,0.16865167669281303,2.579801901845885,1.998661510225761,1.6499630846340697e-07,11.9202002072122,1
1650.0,0.002680578221929384,0.6689490892677715,0.016703633946185365,0.16872604112603515,2.5868718837403613,1.9986745320081225,1.5778368103431006e-07,11.74577086445953,1
1660.0,0.0026815494210976113,0.6691885197257811,0.016709478088728864,0.1688004053157103,2.593906730496119,1.9986869000774277,1.5126354280294518e-07,12.167821275700627,1
1670.0,0.002682523241454983,0.669428622361136,0.016715322211252142,0.168874769249797,2.6009066111086483,1.9986986457188476,1.4538459485123014e-07,11.156410854643944,1
1680.0,0.002683499669851516,0.6696693938047117,0.016721166312943368,0.16894913291800356,2.6078716946958562,1.9987097956579953,1.4016848022911514e-07,11.618402999848737,1
1690.0,0.002684478693206315,0.669910830705492,0.01672701039287122,0.1690234963085236,2.6148021486488933,1.9987203805686453,1.3551801902567955e-07,12.113945480634694,1
1700.0,0.0026854602985005144,0.6701529297280608,0.016732854450196913,0.1690978594107238,2.6216981401620787,1.9987304280676785,1.3137686780359786e-07,11.870967090756558,1
1710.0,0.0026864444727790096,0.6703956875532574,0.016738698484110293,0.1691722222143338,2.6285598357769495,1.9987399648267938,1.2768264900286436e-07,12.677131777864645,1
1720.0,0.0026874312031503022,0.6706391008781506,0.016744542493825215,0.1692465847093875,2.635387401353008,1.99874901672532,1.243644569941069e-07,12.566129545064296,1
1730.0,0.0026884204767863417,0.670883166416015,0.01675038647857489,0.16932094688616436,2.6421810020384724,1.9987576090030272,1.2134036413190068e-07,11.536407897277448,1
1740.0,0.00268941228092237,0.6711278808963047,0.016756230437607295,0.1693953087351309,2.6489408022410257,1.9987657664129403,1.185149268080821e-07,12.42277547321828,1
1750.0,0.0026904066028452635,0.6713732410604929,0.016762074370541415,0.16946967025145698,2.6556669681957206,1.9987735014513053,1.1608126561066046e-07,12.304072635010623,1
1760.0,0.002691403429903977,0.671619243665858,0.01676791827703007,0.1695440314307415,2.662359665542436,1.9987808254973682,1.1423790464987145e-07,10.872891494984449,1
1770.0,0.0026924027495287555,0.6718658854924282,0.01677376215614729,0.1696183922612458,2.6690190549213355,1.9987877690519593,1.1267317813400805e-07,11.537946379925422,1
1780.0,0.0026934045492020865,0.6721131633325625,0.016779606007290452,0.16969275273533038,2.6756452984689467,1.9987943519342781,1.1132797574546788e-07,11.423530363247583,1
1790.0,0.002694408816468472,0.6723610739944976,0.01678544982986413,0.169767112845447,2.6822385575471275,1.9988005937261308,1.1013034989979565e-07,12.335396416886613,1
1800.0,0.0026954155389342514,0.6726096143023158,0.016791293623275964,0.16984147258408633,2.688798992717382,1.998806513908359,1.0899344029881497e-07,12.580700042999048,1
1810.0,0.0026964247042674345,0.6728587810959153,0.016797137386932545,0.16991583194372561,2.69532676371518,1.998812131997271,1.0781339848376022e-07,11.9356265697532,1
1820.0,0.0026974363001975236,0.6731085712309796,0.01680298112023527,0.1699901909167764,2.7018220294242736,1.9988174676810686,1.0646731238840831e-07,11.429352645905967,1
1830.0,0.0026984503144848746,0.6733589815678832,0.016808824823563613,0.17006454950804925,2.7082849549434647,1.9988225083363442,1.0556006992234108e-07,12.091848866505138,1
1840.0,0.002699466734977661,0.6736100089924066,0.01681466849641945,0.1701389077112295,2.7147156982613003,1.9988272703327759,1.050178876427635e-07,11.389049426549896,1
1850.0,0.0027004855495929496,0.6738616504088986,0.016820512138030565,0.1702132655165277,2.7211144145950326,1.9988317790954793,1.0454712708577082e-07,11.848300584030445,1
1860.0,0.0027015067462972868,0.6741139027332571,0.016826355747970055,0.17028762291853194,2.727481260843721,1.9988360486424024,1.0410516390803459e-07,12.26078995220594,1
1870.0,0.0027025303131169407,0.6743667628966821,0.016832199325814715,0.1703619799118773,2.7338163931385204,1.9988400928694643,1.0364234308224251e-07,13.136813519958487,1
1880.0,0.00270355623813768,0.6746202278456256,0.016838042871142482,0.17043633649121318,2.740119966828158,1.9988439256356638,1.0310108176795424e-07,11.178752214393297,1
1890.0,0.0027045845095045535,0.6748742945417455,0.01684388638352984,0.17051069265117066,2.7463921364644097,1.9988475608481862,1.0241497218245696e-07,11.836447771643453,1
1900.0,0.0027056151154216715,0.675128959961856,0.01684972986254925,0.17058504838632993,2.752633055787576,1.9988510125475123,1.0150788447162125e-07,11.96557903977079,1
1910.0,0.0027066480441197997,0.675384221085853,0.016855573308913248,0.17065940370572372,2.75884288590591,1.998854257111022,1.009805940539262e-07,11.543154507303356,1
1920.0,0.002707683283931566,0.6756400749248535,0.016861416721784532,0.17073375859873766,2.7650217760777767,1.9988573221170745,1.0049860433839162e-07,12.732125841058922,1
1930.0,0.0027087208232343184,0.6758965184998756,0.016867260100801373,0.1708081130607859,2.7711698781887195,1.9988602194339573,1.0000718596107916e-07,12.87319794184059,1
1940.0,0.0027097606504606474,0.6761535488458043,0.016873103445692383,0.1708824670884282,2.7772873440028083,1.9988629579451662,9.950106883223864e-08,11.776242081570805,1
1950.0,0.0027108027541003997,0.6764111630121791,0.01687894675619426,0.1709568206783266,2.7833743245784888,1.998865546267942,9.89757499845477e-08,11.644037102430497,1
1960.0,0.0027118471227004217,0.6766693580631329,0.016884790032050543,0.17103117382723002,2.789430970263729,1.998867992793697,9.84274074076237e-08,12.130219821722264,1
1970.0,0.002712893744864301,0.6769281310773285,0.01689063327301041,0.17110552653195865,2.795457430691157,1.9988703057284387,9.785281388253569e-08,11.73414614171257,1
1980.0,0.0027139426092512194,0.6771874791474867,0.016896476478882934,0.1711798787900922,2.8014538551609434,1.9988724912994287,9.725813539645626e-08,11.473226117939545,1
1990.0,0.002714993704570904,0.6774473993781084,0.01690231964983591,0.1712542306037578,2.8074203947317344,1.9988745438838513,9.670686726676231e-08,13.274150922021047,1
2000.0,0.0027160470195987368,0.6777078888925179,0.016908162785432623,0.17132858196741918,2.8133571954959,1.9988764778300783,9.616577032335434e-08,11.15704291597903,1
2010.0,0.0027171025431615876,0.6779689448263705,0.016914005885501182,0.17140293287889735,2.8192644046559048,1.9988782987377112,9.564412833275067e-08,11.649127470225963,1
2020.0,0.002718160264141629,0.6782305643294732,0.01691984894987837,0.17147728333612317,2.8251421687385103,1.9988800119207506,9.515285378076273e-08,13.422607845547615,1
2030.0,0.0027192201714760712,0.6784927445657186,0.016925691978408916,0.17155163333712822,2.830990633593526,1.9988816224309307,9.470448450459048e-08,12.191443037144346,1
2040.0,0.0027202822541568927,0.6787554827130191,0.01693153497094479,0.171625982880036,2.836809944392564,1.9988831350810556,9.431318032491779e-08,11.88321413821984,1
2050.0,0.002721346501230576,0.6790187759632408,0.016937377927344507,0.17170033196305287,2.8426002456277972,1.9988845544683354,9.39947196780078e-08,11.151264438542903,1
2060.0,0.0027224129017258676,0.67928262150416,0.016943220847327484,0.17177468058262188,2.8483616810847994,1.9988858897849833,9.365067850570328e-08,11.857892686264263,1
2070.0,0.0027234814447048466,0.679547016532195,0.016949063730584198,0.17184902873481914,2.85409439391048,1.998887151179678,9.313225678528997e-08,11.714895362164627,1
2080.0,0.0027245521194832725,0.6798119583074644,0.016954906577213952,0.1719233764209036,2.859798526652323,1.9988883352968125,9.260970940742167e-08,13.09527436186327,1
2090.0,0.0027256249153276087,0.6800774440781177,0.016960749387112516,0.17199772363955396,2.8654742211338022,1.9988894455045223,9.20905422457344e-08,12.507781958699699,1
2100.0,0.0027266998215605834,0.6803434711066934,0.016966592160186887,0.17207207038959116,2.871121618507278,1.9988904848005495,9.15838674456531e-08,11.823316797908248,1
2110.0,0.0027277768275611926,0.6806100366701213,0.016972434896355287,0.17214641666997849,2.876740859253998,1.9988914558122435,9.110040342439153e-08,12.5675669075149,1
2120.0,0.002728855922764699,0.6808771380597212,0.01697827759554715,0.17222076247982152,2.8823320831840973,1.9988923607965599,9.065247487095236e-08,10.799632675914786,1
2130.0,0.0027299370966626297,0.6811447725812031,0.016984120257703156,0.17229510781836813,2.887895429436596,1.998893201640062,9.025401274612709e-08,11.762240313547437,1
2140.0,0.0027310203388027808,0.6814129375546677,0.016989962882775194,0.17236945268500847,2.8934310364794027,1.9988939798589198,8.992055428249611e-08,11.724978792576989,1
2150.0,0.0027321056387892132,0.6816816303146062,0.016995805470726384,0.1724437970792751,2.8989390421093124,1.9988946965989096,8.96692429844287e-08,12.072600873846936,1
2160.0,0.0027331929862822553,0.6819508482098996,0.017001648021531077,0.17251814100084273,2.904419583452006,1.9988953526354152,8.951882862808298e-08,9.792855878734954,1
2170.0,0.002734282370998501,0.6822205886038196,0.017007490535174835,0.17259248444952846,2.909872796962053,1.998895948373427,8.948966726140595e-08,12.220747500556273,1
2180.0,0.002735373782710811,0.6824908488740283,0.01701333301165446,0.17266682742529169,2.9152988184229076,1.9988964838475425,8.960372120413348e-08,11.919231703624348,1
2190.0,0.002736467210670569,0.6827616262677456,0.01701917544997327,0.17274116991549746,2.9206977838135506,1.9988969919087427,8.957160099594382e-08,11.638873502893027,1
2200.0,0.002737562644537026,0.6830329181347231,0.01702501784975725,0.17281551191540429,2.9260698279144375,1.9988974848410046,8.929598159538329e-08,11.543918413849514,1
2210.0,0.002738660074688361,0.6833047220052237,0.01703086021179598,0.17288985343502178,2.9314150838408843,1.9988979364931316,8.904010285033437e-08,11.923530161281956,1
2220.0,0.002739759491079621,0.6835770353037214,0.017036702536056582,0.17296419447393324,2.936733684756216,1.9988983478812818,8.880912432143145e-08,13.289824909124825,1
2230.0,0.002740860883720277,0.6838498554686188,0.017042544822514213,0.17303853503182365,2.9420257631554074,1.9988987197570038,8.860881428074069e-08,11.406848223027813,1
2240.0,0.002741964242674225,0.6841231799522475,0.017048387071152037,0.17311287510847964,2.9472914508650807,1.9988990526072365,8.844554971176003e-08,11.844676765794148,1
2250.0,0.002743069558059786,0.6843970062208676,0.017054229281961257,0.17318721470378967,2.9525308790435085,1.998899346654309,8.832631630941918e-08,11.650309264020919,1
2260.0,0.0027441768200497057,0.6846713317546679,0.017060071454941088,0.17326155381774377,2.957744178180613,1.9988996018559413,8.825870848007962e-08,12.564129315561578,1
2270.0,0.0027452860188711555,0.684946154047766,0.017065913590098767,0.1733358924504338,2.962931478097964,1.9988998179052435,8.825092934153462e-08,13.574709014834085,1
2280.0,0.0027463971448057306,0.6852214706082084,0.01707175568744956,0.17341023060205318,2.968092907948783,1.9988999942307162,8.831179072300924e-08,12.966049561209166,1
2290.0,0.002747510188189451,0.6854972789579697,0.017077597747016754,0.17348456827289718,2.973228596217939,1.9989001299962508,8.845071316516027e-08,10.54857302931798,1
2300.0,0.002748625139412763,0.6857735766329539,0.01708343976883165,0.1735589054633627,2.97833867072195,1.9989002241011282,8.867772592007632e-08,11.76340934738814,1
2310.0,0.002749741988920536,0.6860503611829935,0.01708928175293359,0.17363324217394835,2.9834232586089837,1.9989002751800211,8.900346695127773e-08,12.721280864204177,1
2320.0,0.0027508607259626263,0.6863276298565011,0.017095123697844394,0.17370757838591522,2.988482492617041,1.9989003319906724,8.919737449148152e-08,9.8400403519169,1
2330.0,0.0027519813412344323,0.6866053802669254,0.017100965603792425,0.17378191410215832,2.993516497847945,1.9989003869248545,8.929872364840297e-08,11.482162146838338,1
2340.0,0.002753103825846777,0.6868836101327566,0.017106807471454835,0.17385624933126195,2.9985253969270054,1.99890041755133,8.941726341460356e-08,11.312878767087643,1
2350.0,0.002754228170392061,0.6871623170418318,0.017112649300817375,0.17393058407304546,3.0035093146804486,1.9989004242761166,8.955248658162578e-08,11.446288136514674,1
2360.0,0.002755354365513838,0.6874414985950911,0.017118491091869817,0.17400491832737922,3.0084683752825425,1.9989004073726144,8.97038612256371e-08,12.067201458042257,1
2370.0,0.0027564824019068123,0.6877211524065769,0.01712433284460596,0.17407925209418462,3.013402702255599,1.9989003669816068,8.987083070742977e-08,10.700430800604442,1
2380.0,0.00275761227031684,0.6880012761034344,0.017130174559023634,0.17415358537343417,3.0183124184699723,1.99890030311126,9.005281367242097e-08,11.905857717206418,1
2390.0,0.002758743961540931,0.6882818673259113,0.01713601623512469,0.17422791816515135,3.0231976461440593,1.9989002156371234,9.024920405065277e-08,11.86320107557126,1
2400.0,0.0027598774664272453,0.6885629237273584,0.01714185787291501,0.1743022504694107,3.0280585068442996,1.9989001043021293,9.04593710567921e-08,11.865239713911595,1
2410.0,0.0027610127758750957,0.6888444429742285,0.0171476994724045,0.17437658228633784,3.032895121485176,1.9988999687165925,9.068265919013079e-08,13.219817210354153,1
2420.0,0.0027621498808349464,0.6891264227460775,0.01715354103360709,0.17445091361610945,3.037707610329214,1.9988998083582117,9.091838823458552e-08,11.944660445940103,1
2430.0,0.0027632887723084143,0.6894088607355636,0.017159382556540745,0.17452524445895315,3.0424960929869815,1.9988996225720677,9.116585325869791e-08,11.770784949493745,1
2440.0,0.0027644294413482675,0.6896917546484482,0.01716522404122745,0.17459957481514768,3.04726068841709,1.9988994105706246,9.142432461563441e-08,12.723496961833554,1
2450.0,0.0027655718774006184,0.6899751017823796,0.017171065486519265,0.17467390467014068,3.052001528988231,1.9988992102035494,9.166849359641296e-08,12.971123324857343,1
2460.0,0.002766716072334758,0.6902589000507925,0.017176906892952,0.17474823403072448,3.0567187262968845,1.9988990037152294,9.190815964539245e-08,10.416170269359487,1
2470.0,0.002767862017644911,0.6905431472719307,0.017182748260763655,0.17482256289991635,3.0614123949028786,1.9988987831850389,9.214678464283641e-08,12.76912868707665,1
2480.0,0.0027690097045131507,0.6908278411848335,0.017188589589939005,0.17489689127752323,3.0660826517957283,1.9988985490559932,9.238242476250266e-08,12.183476034255367,1
2490.0,0.0027701591241692156,0.6911129795407559,0.017194430880464365,0.1749712191633717,3.0707296133425834,1.9988983017200814,9.261305978810304e-08,11.759612302108101,1
2500.0,0.0027713102678905057,0.6913985601031697,0.017200272132327624,0.1750455465573082,3.075353395288231,1.9988980415182667,9.283659311330334e-08,11.52290195564016,1
2510.0,0.0027724631270020852,0.691684580647762,0.017206113345518217,0.17511987345919877,3.079954112755094,1.9988977687404865,9.305085174172336e-08,12.293467958767703,1
2520.0,0.0027736176928766804,0.6919710389624368,0.01721195452002713,0.17519419986892926,3.084531880243232,1.9988974836256526,9.325358628693686e-08,11.844969742837995,1
2530.0,0.002774773956934681,0.6922579328473142,0.01721779565584692,0.17526852578640523,3.089086811630342,1.9988971863616505,9.344247097247163e-08,11.232323814300347,1
2540.0,0.0027759319106441405,0.6925452601147304,0.017223636752971682,0.17534285121155188,3.093619020171755,1.99889687708534,9.361510363180936e-08,12.617055937602009,1
2550.0,0.002777091545520774,0.6928330185892376,0.01722947781139708,0.1754171761443143,3.0981286185004406,1.9988965558825549,9.37690057083858e-08,12.218006416581023,1
2560.0,0.0027782528531279612,0.6931212061076047,0.017235318831120335,0.17549150058465712,3.102615718627004,1.9988962227881033,9.390162225559065e-08,12.437904024385439,1
2570.0,0.0027794158250767443,0.6934098205188163,0.01724115981214021,0.1755658245325648,3.1070804319396856,1.9988958777857677,9.40103219367676e-08,11.37819276122602,1
2580.0,0.0027805804512460223,0.6936988592292729,0.0172470007539829,0.17564014798203087,3.1115228896263822,1.9988955364579222,9.416331153758648e-08,12.93344405059996,1
2590.0,0.002781746724501636,0.6939883204086762,0.017252841656959166,0.17571447093699483,3.1159431885264754,1.9988951884911934,9.431160895773948e-08,12.851420324267236,1
2600.0,0.0027829146366238422,0.6942782019493611,0.017258682521079434,0.17578879339758896,3.1203414378602017,1.998894833485692,9.445130877776019e-08,11.766145356485591,1
2610.0,0.002784084179346738,0.6945685017319037,0.017264523346330697,0.17586311536364826,3.1247177473019763,1.9988944718154693,9.458216743606281e-08,12.049962602125174,1
2620.0,0.0027852553444489728,0.6948592176483012,0.017270364132700666,0.17593743683501703,3.129072225939549,1.9988941038309063,9.470398893824569e-08,12.922434130293704,1
2630.0,0.0027864281237537473,0.6951503476019728,0.01727620488017778,0.17601175781154874,3.1334049822740035,1.9988937298587133,9.481662485709139e-08,13.122930529000644,1
2640.0,0.002787602509128816,0.695441889507758,0.017282045588751217,0.17608607829310607,3.1377161242197564,1.9988933502019302,9.491997433256662e-08,11.884209957846306,1
2650.0,0.002788778492486483,0.6957338412919181,0.017287886258410864,0.176160398279561,3.1420057591045585,1.9988929651399259,9.501398407182225e-08,12.110004874854832,1
2660.0,0.002789956065783606,0.6960262008921353,0.01729372688914735,0.17623471777079466,3.146273993669494,1.9988925749283988,9.509864834919337e-08,13.515627769393049,1
2670.0,0.002791135221021595,0.6963189662575132,0.01729956748095202,0.17630903676669737,3.150520934068981,1.9988921797993768,9.517400900619919e-08,12.466266656958616,1
2680.0,0.0027923159502464103,0.6966121353485767,0.017305408033816954,0.17638335526716875,3.1547466858707716,1.998891779961217,9.524015545154312e-08,13.119987865519377,1
2690.0,0.002793498245548566,0.6969057061372714,0.017311248547734956,0.17645767327211756,3.1589513540559504,1.9988913755986057,9.529722466111274e-08,11.638122139503762,1
2700.0,0.0027946820989324783,0.6971996765734867,0.01731708902269301,0.1765319907813788,3.1631350447094104,1.9988909670879316,9.534645543275555e-08,11.262897189930735,1
2710.0,0.002795867501137481,0.6974940442829444,0.017322929458613162,0.17660630779396427,3.167297880274837,1.998890556940826,9.539970207287865e-08,11.56179757335428,1
2720.0,0.00279705444548691,0.6977888075535108,0.017328769855545507,0.17668062431050902,3.1714399497511168,1.998890143459003,9.544837466239409e-08,12.949138956238363,1
2730.0,0.0027982429241926255,0.6980839643882464,0.01733461021348291,0.1767549403309226,3.175561356508413,1.998889726826203,9.549325928846183e-08,12.080202834747197,1
2740.0,0.0027994329295083138,0.698379512800934,0.017340450532418814,0.176829255855122,3.1796622033654733,1.9988893072069864,9.553521158861798e-08,11.984292083502158,1
2750.0,0.002800624453729489,0.6986754508160804,0.017346290812347273,0.17690357088303174,3.1837425925896277,1.9988888847467348,9.557515675077488e-08,12.049940501823507,1
2760.0,0.0028018174891934946,0.6989717764689148,0.017352131053262915,0.17697788541458376,3.18780262589679,1.998888459571649,9.561408951322104e-08,10.72369623429155,1
2770.0,0.0028030120282795,0.6992684878053901,0.017357971255160965,0.1770521994497176,3.1918424044514575,1.9988880317887505,9.565307416462115e-08,10.51043081333345,1
2780.0,0.0028042080634085027,0.699565582882182,0.017363811418037244,0.17712651298838014,3.1958620288667094,1.9988876014858814,9.569324454401612e-08,11.901184178127112,1
2790.0,0.002805405587043329,0.6998630597666895,0.01736965154188815,0.17720082603052587,3.19986159920421,1.9988871687317036,9.573580404082301e-08,12.443782989003486,1
2800.0,0.0028066045916886316,0.7001609165370345,0.017375491626710676,0.1772751385761167,3.2038412149742057,1.9988867335756995,9.578202559483512e-08,12.111627984701448,1
2810.0,0.002807805069890892,0.7004591512820625,0.017381331672502418,0.17734945062512208,3.207800975135526,1.9988862960481717,9.58332516962219e-08,12.701441517686634,1
2820.0,0.0028090070142384187,0.7007577621013414,0.01738717167926155,0.17742376217751887,3.211740978095584,1.9988858561602434,9.589089438552901e-08,12.23200855823043,1
2830.0,0.0028102104167347583,0.7010567469446111,0.017393011646952786,0.1774980732328598,3.215661329799997,1.9988854150239321,9.594367135448734e-08,12.531603303373984,1
2840.0,0.0028114152682254426,0.7013561034648954,0.01739885157547622,0.17757238378987833,3.2195621511336183,1.998884975876884,9.595592851119361e-08,11.091888370774345,1
2850.0,0.0028126215631940846,0.7016558302474168,0.01740469146492798,0.1776466938497932,3.223443516000226,1.9988845355089981,9.596533857466917e-08,12.164552157830704,1
2860.0,0.0028138292943444445,0.7019559254213481,0.017410531315305802,0.17772100341257555,3.227305521271097,1.9988840939473802,9.597253539543354e-08,11.603219087439166,1
2870.0,0.002815038454421716,0.7022563871264842,0.017416371126607964,0.17779531247820368,3.2311482632711943,1.9988836512006634,9.597821431875586e-08,11.635362872182755,1
2880.0,0.0028162490362125237,0.7025572135132413,0.017422210898833328,0.17786962104666315,3.234971837779172,1.9988832072590081,9.598313218465493e-08,11.2583193546714,1
2890.0,0.0028174610325449254,0.702858402742658,0.017428050631981325,0.17794392911794674,3.2387763400273717,1.9988827620941017,9.598810732789914e-08,13.593397678182098,1
2900.0,0.00281867443628841,0.7031599529863943,0.017433890326051946,0.17801823669205438,3.242561864701824,1.998882315659159,9.599401957800653e-08,13.193484958714205,1
2910.0,0.0028198892403539003,0.7034618624267325,0.017439729981045763,0.1780925437689933,3.2463285059422495,1.9988818678889222,9.600181025924474e-08,12.629407185984077,1
2920.0,0.0028211054376937506,0.7037641292565756,0.01744556959696391,0.17816685034877788,3.2500763573420555,1.99888141869966,9.601248219063108e-08,12.146726472188552,1
2930.0,0.002822323021301747,0.7040667516794498,0.017451409173808087,0.17824115643142974,3.25380551194834,1.9988809679891686,9.602709968593241e-08,12.783774205842718,1
2940.0,0.0028235419842131083,0.704369727909502,0.01745724871158057,0.17831546201697768,3.257516062261889,1.998880515636772,9.604678855366527e-08,11.785758192326444,1
2950.0,0.002824762319504486,0.7046730561715018,0.0174630882102842,0.17838976710545779,3.261208100237177,1.9988800615033204,9.607273609709581e-08,12.985818226260776,1
2960.0,0.002825984020293963,0.7049767347008397,0.017468927669922394,0.1784640716969133,3.2648817172823685,1.9988796054311921,9.610619111423982e-08,11.924854493397373,1
2970.0,0.0028272070797410553,0.7052807617435287,0.017474767090499124,0.1785383757913947,3.2685370042593154,1.9988791472442917,9.614846389786267e-08,12.621285826286693,1
2980.0,0.0028284314910467104,0.7055851355562033,0.017480606472018944,0.17861267938895967,3.272174051483559,1.998878686748052,9.62009262354794e-08,12.640084420550604,1
2990.0,0.002829657247453309,0.7058898544061198,0.01748644581448697,0.17868698248967307,3.2757929487243294,1.9988782237294318,9.626501140935469e-08,11.857202327175083,1
3000.0,0.002830884342244663,0.7061949165711564,0.017492285117908894,0.17876128509360706,3.279393785204546,1.9988777579569181,9.634221419650275e-08,11.78396195185643,1
3010.0,0.0028321127687460177,0.706500320339813,0.01749812438229097,0.17883558720084095,3.2829766496008164,1.9988772891805247,9.643409086868751e-08,12.544802734814795,1
3020.0,0.0028333425203240495,0.7068060640112115,0.01750396360764002,0.17890988881146128,3.286541630043437,1.9988768171317925,9.65422591924225e-08,12.080511587939403,1
3030.0,0.002834573587983443,0.7071121452794161,0.01750980279378592,0.17898418992331133,3.2900888448282815,1.9988763473694846,9.663392473140266e-08,12.730830744652572,1
3040.0,0.002835805962190652,0.7074185617006219,0.017515641940516302,0.1790584905336989,3.293618419112061,1.9988758868437666,9.666804011477365e-08,12.699729182559533,1
3050.0,0.0028370396404257202,0.7077253126276861,0.017521481048134332,0.17913279064646728,3.2971303884122753,1.9988754255284058,9.670362509644021e-08,12.2000416990916,1
3060.0,0.002838274616111378,0.7080323963741225,0.017527320116641015,0.17920709026162923,3.3006248400754545,1.9988749633478091,9.674097028113783e-08,11.52171053246967,1
3070.0,0.0028395108827085837,0.7083398112632456,0.01753315914603768,0.17928138937920163,3.3041018609427617,1.9988745002157036,9.678038180808848e-08,10.604271634129837,1
3080.0,0.0028407484337165238,0.7086475556281709,0.017538998136326,0.17935568799920562,3.307561537349994,1.9988740360351378,9.682218135100053e-08,12.665258135062235,1
3090.0,0.002841987262672613,0.7089556278118153,0.017544837087507967,0.17942998612166652,3.311003955127583,1.9988735706984804,9.686670611806878e-08,12.70643202884187,1
3100.0,0.0028432273631524936,0.7092640261668961,0.017550675999585912,0.17950428374661392,3.3144291996005943,1.9988731040874208,9.69143088519745e-08,12.115195830877736,1
3110.0,0.0028444687287700367,0.7095727490559319,0.0175565148725625,0.17957858087408157,3.3178373555887255,1.9988726360729692,9.696535782988535e-08,12.252199925162634,1
3120.0,0.0028457113531773406,0.7098817948512423,0.017562353706440725,0.17965287750410744,3.3212285074063104,1.9988721665154563,9.702023686345545e-08,12.289371445498999,1
3130.0,0.0028469552300647316,0.7101911619349475,0.017568192501223916,0.17972717363673374,3.324602738862315,1.9988716952645333,9.707934529882534e-08,12.5080162228628,1
3140.0,0.002848200353160765,0.7105008486989695,0.01757403125691573,0.17980146927200685,3.32796013326034,1.9988712221591727,9.714309801662197e-08,12.251011642889928,1
3150.0,0.002849446716232223,0.7108108535450303,0.01757986997352016,0.17987576440997746,3.3313007733986195,1.998870747027667,9.721192543195879e-08,12.180026574968446,1
3160.0,0.002850694313084117,0.7111211748846533,0.01758570865104153,0.17995005905070036,3.3346247415700216,1.9988702696876297,9.728627349443559e-08,11.515926445109102,1
3170.0,0.0028519431375596854,0.7114318111391634,0.017591547289484505,0.18002435319423457,3.3379321195620486,1.9988697899459948,9.736660368813868e-08,11.909005968390701,1
3180.0,0.0028531931835403946,0.7117427607396856,0.017597385888854063,0.18009864684064342,3.3412229886568356,1.9988693075990172,9.745339303164072e-08,11.647841310507404,1
3190.0,0.00285444444494594,0.7120540221271465,0.017603224449155533,0.18017293998999434,3.3444974296311525,1.998868822432272,9.754713407800087e-08,13.129188752916301,1
3200.0,0.002855696915734245,0.7123655937522734,0.017609062970394565,0.18024723264235903,3.347755522756403,1.9988683342206552,9.764833491476468e-08,12.063653865362536,1
3210.0,0.0028569505899014593,0.7126774740755945,0.01761490145257715,0.1803215247978134,3.350997347798624,1.9988678427283841,9.775751916396415e-08,11.954198918252061,1
3220.0,0.002858205461481963,0.7129896615674393,0.017620739895709607,0.1803958164564376,3.3542229840184867,1.9988673477089955,9.78752259821177e-08,12.242755062469177,1
3230.0,0.0028594615204828367,0.7133021536662687,0.017626578299563257,0.1804701076153326,3.3574325625621264,1.9988668566477241,9.798091842590062e-08,12.265269463010622,1
3240.0,0.0028607187591598916,0.713614948386719,0.0176324166640377,0.18054439827322583,3.3606261855844584,1.9988663728094536,9.806554299394588e-08,13.136857605514043,1
3250.0,0.0028619771758372895,0.7139280452982673,0.017638254989381937,0.18061868843327364,3.3638038770271934,1.9988658879646346,9.815134554034156e-08,12.041837074540057,1
3260.0,0.002863236764566071,0.7142414428755363,0.01764409327559572,0.18069297809547305,3.3669657158853434,1.9988654020835626,9.823822050257686e-08,12.976043488738366,1
3270.0,0.002864497519431219,0.7145551396018524,0.0176499315226789,0.18076726725982217,3.3701117807037857,1.9988649151340148,9.832605561803614e-08,12.225578597815872,1
3280.0,0.002865759434551658,0.714869133969244,0.017655769730631404,0.18084155592632006,3.3732421495772598,1.998864427081252,9.84147319239988e-08,12.735943370989203,1
3290.0,0.0028670225040802557,0.7151834244784433,0.017661607899453247,0.18091584409496697,3.3763569001503697,1.9988639378880162,9.85041237576394e-08,12.983577109274933,1
3300.0,0.0028682867222038218,0.7154980096388847,0.01766744602914453,0.18099013176576415,3.3794561096175832,1.9988634475145337,9.859409875602754e-08,12.101325510244777,1
3310.0,0.002869552083143107,0.7158128879687056,0.017673284119705437,0.1810644189387139,3.3825398547232317,1.9988629559185123,9.868451785612804e-08,13.281841765613185,1
3320.0,0.002870818581152806,0.7161280579947462,0.017679122171136232,0.18113870561381964,3.3856082117615105,1.9988624630551424,9.87752352948007e-08,13.015823676677305,1
3330.0,0.002872086210521554,0.71644351825255,0.017684960183437272,0.18121299179108588,3.388661256576478,1.9988619688770972,9.886609860880052e-08,10.927059614568934,1
3340.0,0.0028733549655719295,0.7167592672863629,0.017690798156608987,0.18128727747051815,3.391699064562058,1.9988614733345331,9.895694863477754e-08,10.722533708548337,1
3350.0,0.0028746248406604537,0.7170753036491336,0.0176966360906519,0.18136156265212303,3.394721710662035,1.998860976375088,9.904761950927698e-08,11.996770488016983,1
3360.0,0.0028758958301775884,0.7173916259025143,0.017702473985566618,0.18143584733590817,3.397729269370061,1.998860477943883,9.91379386687391e-08,12.793043791519132,1
3370.0,0.002877167928547738,0.7177082326168591,0.017708311841353828,0.18151013152188242,3.400721814729648,1.9988599779835217,9.92277268494993e-08,12.780874993615758,1
3380.0,0.002878441130229251,0.718025122371226,0.0177141496580143,0.18158441521005547,3.4036994203341746,1.9988594764340906,9.931679808778809e-08,11.565566905557427,1
3390.0,0.002879715429714415,0.7183422937533751,0.0177199874355489,0.1816586984004383,3.406662159326882,1.9988589732331583,9.940495971973109e-08,12.7950327917511,1
3400.0,0.002880990821529462,0.7186597453597695,0.01772582517395856,0.18173298109304284,3.409610104400875,1.9988584683157762,9.949201238134898e-08,12.56389206141239,1
3410.0,0.0028822673002345655,0.7189774757955755,0.017731662873244316,0.18180726328788208,3.4125433277991224,1.9988579616144784,9.957775000855761e-08,11.619079679498855,1
3420.0,0.0028835448604238416,0.719295483674662,0.01773750053340727,0.1818815449849701,3.4154619013144565,1.9988574530592813,9.966195983716792e-08,13.405326488744198,1
3430.0,0.0028848234921930224,0.7196137664578495,0.017743338154331635,0.1819558261828391,3.418365955680432,1.998856946406805,9.974919877792788e-08,11.841218784283779,1
3440.0,0.0028861031902656033,0.7199323227921756,0.01774917573602027,0.18203010688152527,3.421255560983774,1.9988564415300762,9.983917585909082e-08,12.387129928412993,1
3450.0,0.0028873839522509477,0.7202511520644018,0.01775501327854975,0.18210438708199933,3.4241307494899313,1.9988559358901665,9.992858791946609e-08,11.202946876961143,1
3460.0,0.0028886657727579946,0.7205702528922079,0.01776085078191839,0.18217866678424005,3.4269915927760226,1.998855429509202,1.0001732285091733e-07,10.489156205523802,1
3470.0,0.002889948646425837,0.7208896239010043,0.01776668824612451,0.18225294598822606,3.4298381620187035,1.998854922409994,1.0010526584003674e-07,13.633454185722929,1
3480.0,0.0028912325679237186,0.7212092637239323,0.017772525671166405,0.18232722469393578,3.4326705279941656,1.9988544146160394,1.0019229936814507e-07,11.907679912067113,1
3490.0,0.0028925175319510334,0.7215291710018654,0.017778363057042362,0.1824015029013475,3.4354887610781377,1.9988539061515198,1.0027830321129162e-07,13.236427132473713,1
3500.0,0.0028938035332373283,0.7218493443834076,0.01778420040375065,0.18247578061043931,3.438292931245886,1.9988533970413016,1.0036315444025425e-07,12.051952928596597,1
3510.0,0.002895090566542301,0.7221697825248942,0.017790037711289532,0.18255005782118916,3.4410831080722124,1.9988528873109375,1.0044672742053939e-07,11.986590134201004,1
3520.0,0.002896378626655801,0.7224904840903915,0.017795874979657247,0.1826243345335748,3.443859360731455,1.9988523769866642,1.00528893812382e-07,11.733623719169668,1
3530.0,0.002897667708397829,0.7228114477516978,0.01780171220885203,0.1826986107475738,3.4466217579974905,1.9988518660954044,1.006095225707456e-07,12.382850685126627,1
3540.0,0.0028989578066185378,0.7231326721883417,0.017807549398872097,0.1827728864631636,3.4493703682437302,1.9988513546647657,1.0068847994532227e-07,12.131490239654973,1
3550.0,0.002900248916198231,0.7234541560875835,0.017813386549715652,0.1828471616803214,3.4521052594431234,1.9988508427230405,1.0076562948053263e-07,11.047471052472805,1
3560.0,0.002901541032047363,0.7237758981444145,0.017819223661380886,0.1829214363990243,3.4548264991681554,1.9988503302992071,1.008408320155259e-07,11.589963241665,1
3570.0,0.002902834149106542,0.7240978970615572,0.017825060733865975,0.1829957106192492,3.4575341545908485,1.9988498174229283,1.0091394568417978e-07,11.640325181684474,1
3580.0,0.0029041282623465253,0.7244201515494658,0.017830897767169084,0.18306998434097285,3.4602282924827614,1.9988493041245525,1.0098482591510061e-07,12.038291775015061,1
3590.0,0.0029054233667682233,0.7247426603263248,0.01783673476128836,0.18314425756417177,3.46290897921499,1.998848790435113,1.0105332543162323e-07,12.515605473463426,1
3600.0,0.0029067194574026963,0.7250654221180508,0.01784257171622194,0.18321853028882237,3.465576280758166,1.9988482763863287,1.0111929425181101e-07,12.415934307146673,1
