time,sclerostin_bone,sclerostin_sensor,rankl_bone,opg_bone,osteocytes,osteoblasts,osteoclasts,biosensor_signal,detection_event
0.0,0.3307371292113838,0.025000000000000005,0.5298473477305343,3.89004477849112,1.0,1.0,1.0,6.728782360230287,1
10.0,0.014589659239867733,3.1871747738863037,0.041051362421061534,0.30278744683539205,1.0052224530601503,1.0473947031445185,0.9048388024374517,7.039591898116054,1
20.0,0.012849669580310075,3.2054893359528456,0.01904895699803091,0.14122288307791142,1.0108892203714395,1.093597597971653,0.8187320256940359,6.39025410170849,1
30.0,0.012843692663791765,3.2064705140586374,0.018071358178730384,0.1339532472192244,1.0169773111024287,1.137553449866965,0.7408193824128111,6.371634146296382,1
40.0,0.012847318226430194,3.2073616520145602,0.01804092831653689,0.13363333158563342,1.0234627087250026,1.1793655136126666,0.6703211071199715,6.223065483530933,1
50.0,0.012851028434817087,3.2082582892336977,0.01805336057623089,0.13362669690463014,1.0303225732386478,1.219138307425286,0.6065316297747971,7.8004131373687295,1
60.0,0.012854771063277648,3.209161294137789,0.018067847831084886,0.1336339310467807,1.0375351957621428,1.2569712868664595,0.5488125238013042,6.788185606277861,1
70.0,0.012858546700417401,3.210070986873506,0.018082622821478225,0.13364212366005976,1.045079943349231,1.2929590571676972,0.4965861170084863,6.732585167219182,1
80.0,0.01286235602783353,3.2109876674900515,0.018097526316899405,0.13365016247106565,1.052937206435238,1.3271916095640517,0.44932971128295485,6.43528237853801,1
90.0,0.012866199908824124,3.2119116160035492,0.01811266744149715,0.133658901856093,1.0610883488241778,1.359754546397202,0.40657034767276146,6.703633686160487,1
100.0,0.012870079008162233,3.212843097103543,0.01812791407790027,0.13366742316291264,1.069515660138557,1.3907292951345342,0.367880074587936,7.384296456307627,1
110.0,0.012873994047666915,3.2137823584575655,0.01814330766316444,0.13367607893271305,1.0782023105985907,1.4201933119079329,0.3328716679896968,7.390260494736207,1
120.0,0.012877945635771841,3.214729633234129,0.018158825684386128,0.13368475002954472,1.0871323079705169,1.448220275289726,0.3011947515696222,6.636311354185176,1
130.0,0.012881934394272355,3.2156851396135293,0.01817447639911857,0.13369354088768218,1.096290456645291,1.4748802704828272,0.27253229226626374,7.630435926431928,1
140.0,0.012885960847423335,3.2166490826370797,0.018190242327874098,0.13370236492518645,1.1056623187069408,1.5002399645562206,0.2465974275365115,6.903546852673759,1
150.0,0.012890025531612595,3.2176216538143563,0.018206125361591642,0.13371127568184676,1.1152341769101546,1.5243627730894853,0.2231305962828829,7.138340889698142,1
160.0,0.012894128918369543,3.218603032563828,0.018222121393960497,0.13372028075071915,1.124992999397914,1.5473090189861505,0.2018969327878616,6.5429730905967425,1
170.0,0.012898271440158164,3.2195933865921957,0.0182382191322697,0.1337293331456383,1.134926406177321,1.5691360833753194,0.182683914970655,7.254741472470444,1
180.0,0.01290245350920764,3.2205928723088415,0.018254414219780656,0.13373843503142985,1.145022637407318,1.5898985483594714,0.16529926076263327,6.643570858437014,1
190.0,0.012906675503226448,3.2216016355449284,0.018270703586300438,0.13374759634937494,1.1552705230770133,1.6096483335041885,0.14956900024015093,7.180160092799886,1
200.0,0.012910937767253048,3.2226198120803473,0.018287081148958346,0.13375680334699225,1.165659454300089,1.6284348250553065,0.13533574947031207,7.328994866972728,1
210.0,0.012915240621930132,3.223647528102923,0.018303546030310022,0.13376607896916498,1.1761793547941195,1.646305004323963,0.12245700048006433,7.114962315694881,1
220.0,0.012919584358988523,3.2246849007333855,0.018320093270028426,0.1337754147644443,1.1868206556204937,1.6633035613983198,0.11080380499062308,6.601801022265602,1
230.0,0.01292396924229225,3.22573203848052,0.018336716678623268,0.13378479189684686,1.1975742706706,1.6794730054969778,0.1002595227242994,6.53042552200556,1
240.0,0.01292839551336397,3.2267890416377067,0.0183534123751415,0.133794207175251,1.208431572877157,1.6948537720591046,0.0907186297076532,6.842570692851357,1
250.0,0.012932863390960697,3.227856002712378,0.018370177135843532,0.13380366099774316,1.2193843718203405,1.7094843235576684,0.08208566574110358,7.315937407239786,1
260.0,0.012937373072227604,3.228933006827886,0.01838700838897662,0.13381315737456584,1.230424891953816,1.7234012475229807,0.0742742380028483,6.862080358560737,1
270.0,0.012941924732978798,3.2300201321025406,0.0184039029743863,0.1338226948818194,1.2415457524878453,1.736639347109052,0.06720616769243627,6.868747941746952,1
280.0,0.012946518529051881,3.2311174500035844,0.018420857276172577,0.13383226768952752,1.2527399480238615,1.749231728278173,0.060810710452562,7.368467310443894,1
290.0,0.012951154598105738,3.232225025677307,0.018437868376354995,0.13384187407978687,1.2640008302094512,1.7612098823934292,0.055023854738417796,6.431432181099685,1
300.0,0.012955833060033561,3.233342918274998,0.01845493357449638,0.13385151297038334,1.2753220903386384,1.7726037645571233,0.04978768827191423,7.617132064195526,1
310.0,0.012960554018034202,3.2344711812627445,0.01847205047599502,0.13386118461032961,1.2866977424544823,1.7834418696886565,0.045049800870367154,7.31273392463046,1
320.0,0.012965317559143943,3.235609862710027,0.018489216471609875,0.13387088680386347,1.2981221078481464,1.7937513023179157,0.04076278041336364,7.82692058269477,1
330.0,0.0129701237554274,3.236759005566643,0.018506429001646077,0.13388061689214933,1.3095897998250556,1.8035578451766896,0.03688372294067969,7.683298235040814,1
340.0,0.012974972664746058,3.237918647926269,0.01852368582095097,0.1338903737383265,1.3210957093936369,1.8128860236381965,0.033373805476494274,6.866168216560412,1
350.0,0.012979864331381524,3.239088823277009,0.018540984795911018,0.13390015627587445,1.3326349917145348,1.821759166734252,0.03019790204691289,7.356472227112812,1
360.0,0.01298479878680866,3.240269560743188,0.01855832393964019,0.133909963803945,1.34420305292968,1.8301994664629757,0.027324220479367955,7.3348943988637565,1
370.0,0.012989776050302281,3.2414608853069304,0.018575701233513594,0.13391979471149226,1.355795538141122,1.8382280319221944,0.02472400267713438,7.246824752735238,1
380.0,0.012994796129692296,3.2426628180251047,0.018593114771457375,0.13392964756957848,1.3674083195547624,1.8458649427007234,0.02237122679077575,7.217972076378078,1
390.0,0.012999859021922966,3.2438753762349926,0.018610562798140638,0.1339395214430908,1.3790374853190734,1.853129299141968,0.020242346351786386,7.132601607710132,1
400.0,0.013004964713625148,3.24509857374829,0.018628043636485347,0.13394941538848276,1.3906793289696915,1.8600392698808743,0.01831605704915751,6.614284969883185,1
410.0,0.013010113181688675,3.2463324210394773,0.01864555569930681,0.13395932856809917,1.402330339169916,1.8666121380491798,0.016573075853096253,7.587535904509379,1
420.0,0.01301530439377703,3.2475769254177655,0.01866309743359227,0.13396925986763478,1.4139871903434642,1.872864343465182,0.014995959257205666,7.063958941743462,1
430.0,0.013020538308847541,3.248832091196107,0.018680667378443337,0.1339792083473215,1.425646733458837,1.8788115241411607,0.01356892397245087,7.066581784984665,1
440.0,0.01302581487761091,3.250097919850885,0.018698264159514477,0.13398917322560475,1.437305987335263,1.884468555443484,0.01227768834683157,6.989866354765353,1
450.0,0.013031134042986904,3.251374410172605,0.01871588646482684,0.13399915372480356,1.4489621304226403,1.8898495871195098,0.011109330790079034,7.0202714854799675,1
460.0,0.013036495740542295,3.2526615584123277,0.018733533046955127,0.1340091491096594,1.4606124928151416,1.8949680792728887,0.010052155811672408,7.9826574996755575,1
470.0,0.013041899898894148,3.2539593584154094,0.018751202706514796,0.13401915858672567,1.4722545489492025,1.899836835258814,0.00909558323079088,7.0153305860275745,1
480.0,0.013047346440101132,3.2552678017528396,0.018768894310988035,0.13402918146272777,1.4838859104340887,1.9044680339825806,0.008230039869672967,7.386882386880566,1
490.0,0.013052835280031308,3.2565868778452143,0.018786606786342953,0.13403921710213362,1.4955043192820066,1.9088732603999934,0.007446863385248499,7.000723044003801,1
500.0,0.013058366328714308,3.257916574079823,0.018804339108873004,0.13404926488530058,1.5071076415076288,1.913063534355194,0.00673821638825379,7.050544282179278,1
510.0,0.013063939490680625,3.2592568759243625,0.01882209030433134,0.1340593242196392,1.5186938609120881,1.917049338588274,0.006097005273864866,7.4906386779226235,1
520.0,0.013069554665273323,3.260607767030897,0.018839859442715507,0.13406939451737387,1.5302610733935558,1.9208406443729453,0.0055168128258153235,6.835095546469359,1
530.0,0.013075211746951296,3.2619692293378066,0.01885764564272818,0.13407947524400313,1.5418074813679727,1.9244469366584327,0.004991832593418964,5.845652565468333,1
540.0,0.013080910625576847,3.263341243166043,0.018875448066429778,0.13408956589391458,1.5533313884974478,1.9278772378266689,0.004516810568147471,7.079081516196434,1
550.0,0.013086651186687642,3.264723787310048,0.018893265915989138,0.13409966598058587,1.5648311947069038,1.9311401301521682,0.004086993095875529,6.4618014207993095,1
560.0,0.013092433311759986,3.266116839125998,0.01891109843214717,0.13410977503894725,1.5763053913461404,1.9342437776074208,0.003698077687445619,7.004847460719623,1
570.0,0.013098256878449954,3.2675203746125407,0.018928944892013924,0.13411989262170945,1.5877525567578104,1.9371959458413768,0.0033461720894804666,7.488610327133642,1
580.0,0.013104121760828978,3.2689343684898664,0.018946804609107547,0.13413001831188984,1.5991713519360249,1.9400040217500063,0.0030277545072733784,6.581680945018296,1
590.0,0.013110027829606892,3.270358794274401,0.018964676930313507,0.13414015171207036,1.6105605164215313,1.9426750319821011,0.0027396382145874337,7.839772977760122,1
600.0,0.013115974952342326,3.2717936243493484,0.01898256123412461,0.13415029244242185,1.6219188644219766,1.9452156604319846,0.0024789399592029466,7.029547336234169,1
610.0,0.013121962993646704,3.2732388300331086,0.01900045692918272,0.13416044014061979,1.6332452810467772,1.9476322652164013,0.0022430501467240785,6.905116029957238,1
620.0,0.013127991815370945,3.274694381641927,0.01901836345290589,0.13417059446150603,1.6445387188548297,1.9499308942433187,0.0020296079890792804,7.9249960589804305,1
630.0,0.01313406127678799,3.276160248551157,0.01903628027049705,0.13418075507934094,1.6557981944768314,1.95211730044491,0.0018364774056265321,7.1620045271310735,1
640.0,0.013140171234765378,3.2776363992531787,0.019054206873130877,0.13419092168351274,1.66702278541926,1.9541969561928763,0.001661725544704022,6.558877633298687,1
650.0,0.013146321543928028,3.2791228014120612,0.01907214277672683,0.13420109397805402,1.678211627044133,1.9561750669225826,0.0015036036183332974,7.365094895572487,1
660.0,0.013152512056816024,3.280619421916565,0.019090087520742722,0.13421127168105462,1.6893639096391027,1.9580565843505653,0.0013605288283932502,7.18989713619674,1
670.0,0.013158742624029062,3.2821262269286944,0.019108040667124522,0.13422145452454218,1.7004788757285383,1.959846218607336,0.0012310692729263623,8.086698887209943,1
680.0,0.0131650130943675,3.283643181931111,0.01912600179927072,0.13423164225429748,1.7115558174459755,1.961548450093929,0.0011139293498637626,8.0402057796631,1
690.0,0.01317132331496573,3.285170251771988,0.019143970520839035,0.13424183462812017,1.7225940740459904,1.963167540710875,0.001007936722144368,7.4017164089781184,1
700.0,0.013177673131417919,3.286707400707316,0.019161946454797796,0.13425203141550296,1.7335930295533308,1.9647075444693232,0.0009120306918448005,7.206456530467374,1
710.0,0.013184062387899835,3.2882545924419024,0.01917992924247042,0.13426223239705554,1.7445521104832709,1.9661723177815622,0.0008252512447385131,7.819718643218981,1
720.0,0.013190490927280387,3.289811790166952,0.019197918542694793,0.13427243736424885,1.755470783747519,1.9675655289162826,0.0007467298816096775,7.602163658459515,1
730.0,0.013196958591230405,3.2913789565967075,0.019215914030962438,0.1342826461188694,1.766348554610509,1.968890667227025,0.0006756807777181601,8.090994588946394,1
740.0,0.013203465220325507,3.2929560540031253,0.01923391539856393,0.134292858472218,1.7771849647526567,1.9701510518991199,0.0006113928725223844,6.618426410991604,1
750.0,0.013210010654143026,3.2945430442485732,0.019251922351839316,0.13430307424477791,1.787979590440793,1.97134984021414,0.0005532228173539152,7.605559430890597,1
760.0,0.01321659473135585,3.2961398888174913,0.019269934611431696,0.13431329326574723,1.7987320407547567,1.972490035561551,0.0005005883350110256,7.896349999553191,1
770.0,0.013223217289818363,3.29774654884542,0.019287951911617144,0.13432351537272996,1.8094419559568073,1.9735744948074063,0.0004529626501026134,7.022547492209526,1
780.0,0.013229878166650104,3.2993629851472677,0.01930597399962855,0.13433374041126644,1.8201090059023217,1.9746059354771774,0.00040986913445188695,7.120093994040865,1
790.0,0.013236577198314925,3.300989158244068,0.019324000635012554,0.13434396823437514,1.8307328885325154,1.975586942569305,0.00037087650672110644,7.4397427932269675,1
800.0,0.013243314220695482,3.3026250283881944,0.019342031589038574,0.1343541987022414,1.841313328450858,1.9765199749919602,0.0003355945544393342,6.428504469432971,1
810.0,0.013250089069165315,3.304270555587757,0.01936006664411781,0.1343644316818547,1.8518500755437686,1.977407371800446,0.00030367010912737193,7.889989530422301,1
820.0,0.013256901578654874,3.305925699628976,0.019378105593274426,0.13437466704671913,1.8623429037111978,1.9782513579398497,0.0002747836629295445,7.8089134730164265,1
830.0,0.013263751583715655,3.307590420097937,0.019396148239621085,0.1343849046765013,1.8727916096309853,1.9790540498356401,0.00024864612543002476,7.449528168034791,1
840.0,0.013270638918580869,3.309264676401186,0.019414194395864018,0.13439514445671719,1.883196011586081,1.9798174607011942,0.00022499591048860313,7.648360250985166,1
850.0,0.01327756341722254,3.3109484277851173,0.019432243883839455,0.13440538627846596,1.8935559483571225,1.980543505551071,0.0002035963411966463,7.442136715131948,1
860.0,0.013284524913406655,3.31264163335473,0.019450296534061693,0.1344156300381503,1.9038712781499276,1.9812340060570552,0.000184233210352319,7.62178774731131,1
870.0,0.013291523240743654,3.3143442520908164,0.01946835218530853,0.13442587563723277,1.9141418776075076,1.9818906950236352,0.00016671272514890277,7.400059719213972,1
880.0,0.013298558232737422,3.3160562428666545,0.019486410684214767,0.13443612298197427,1.9243676408496584,1.9825152207392776,0.00015085954289391324,7.235422994665576,1
890.0,0.013305629722831475,3.317777564463761,0.019504471884888963,0.1344463719832003,1.934548478563166,1.983109151099783,0.00013651501229679095,6.932046700037854,1
900.0,0.013312737544449418,3.319508175585735,0.019522535648574885,0.13445662255610155,1.9446843171963404,1.9836739772618224,0.00012353580579031037,8.033972761330986,1
910.0,0.013319881531046605,3.3212480348758366,0.019540601843224877,0.1344668746199613,1.954775097949917,1.984211118213478,0.00011179178017963974,7.220720449607292,1
920.0,0.013327061516131607,3.3229971009244856,0.019558670343307657,0.13447712809805787,1.9648207763166696,1.9847219228737656,0.00010116587410436845,7.657690006356287,1
930.0,0.013334277333332376,3.3247553322916894,0.019576741029269536,0.13448738291731174,1.9748213208088097,1.9852076758498032,9.155098459560897e-05,7.294765378782297,1
940.0,0.013341528816393158,3.3265226875063374,0.019594813787529367,0.13449763900830417,1.9847767129438416,1.985669597526689,8.285143959752686e-05,7.479166352797034,1
950.0,0.013348815799248279,3.3282991250911733,0.019612888509882815,0.13450789630489624,1.9946869458335366,1.9861088504480606,7.497938484459062e-05,7.500391199222829,1
960.0,0.013356138116012646,3.3300846035599445,0.01963096509354451,0.13451815474426407,2.004552024286959,1.9865265388781568,6.785652247378309e-05,6.845534656609573,1
970.0,0.013363495601045794,3.331879081439122,0.01964904344062822,0.13452841426657686,2.0143719635761563,1.9869237143865917,6.141118705931704e-05,7.5694010108783125,1
980.0,0.013370888088953349,3.3336825172687083,0.019667123458104587,0.13453867481497253,2.0241467893404335,1.9873013763052922,5.557918794543485e-05,7.483756147407537,1
990.0,0.013378315414632556,3.335494869617775,0.019685205057422897,0.13454893633532647,2.033876536688746,1.9876604757969436,5.030209634681119e-05,7.619726509628848,1
1000.0,0.013385777413285914,3.3373160970893383,0.019703288154376025,0.13455919877616948,2.0435612498827216,1.988001917308227,4.552721939151247e-05,7.827723266906199,1
1010.0,0.013393273920451105,3.339146158330673,0.01972137266884126,0.13456946208852852,2.0532009817235295,1.9883265613569863,4.120678294444973e-05,6.3161676248976955,1
1020.0,0.013400804772021442,3.340985012040466,0.01973945852459329,0.13457972622581307,2.062795793110792,1.988635226544428,3.7297510205212055e-05,7.967874847183001,1
1030.0,0.01340836980426431,3.342832616975298,0.019757545649132714,0.13458999114370965,2.0723457526388405,1.9889286913990172,3.376031875889788e-05,7.746998234782782,1
1040.0,0.013415968853846943,3.3446889319585726,0.019775633973458395,0.134600256800043,2.0818509360586406,1.9892076968255932,3.0559677555133585e-05,7.108990652784877,1
1050.0,0.013423601757844423,3.346553915883502,0.01979372343197607,0.13461052315472033,2.0913114260650656,1.9894729470885781,2.7663671555346606e-05,7.371552386733162,1
1060.0,0.01343126835377096,3.3484275277238797,0.019811813962228454,0.1346207901695661,2.1007273116581775,1.9897251127145903,2.5043175919337112e-05,8.191968896987415,1
1070.0,0.013438968479580574,3.3503097265346202,0.019829905504860097,0.13463105780830092,2.1100986880645385,1.9899648308715108,2.2672094755019947e-05,8.61351135998998,1
1080.0,0.013446701973698346,3.352200471462519,0.01984799800334762,0.13464132603637638,2.119425656098909,1.9901927082693596,2.0526609207110014e-05,7.392882698984505,1
1090.0,0.013454468675020101,3.354099721746451,0.019866091403972545,0.13465159482095831,2.1287083221047283,1.990409321452716,1.8585348274925666e-05,6.364436596013554,1
1100.0,0.013462268422939861,3.356007436726867,0.019884185655580505,0.13466186413078002,2.1379467973847257,1.99061521939118,1.6828807003891245e-05,7.826530405399444,1
1110.0,0.013470101057349802,3.357923575846079,0.01990228070955222,0.13467213393612418,2.1471411981371156,1.990810923790931,1.5239482425711002e-05,7.0717333993590215,1
1120.0,0.013477966418664077,3.3598480986565407,0.01992037651959052,0.13468240420869276,2.156291644952568,1.9909969313861517,1.3801388002674615e-05,7.102234424155281,1
1130.0,0.013485864347819008,3.361780964821215,0.01993847304168965,0.13469267492158843,2.1653982627462556,1.9911737142691788,1.2500190162475292e-05,7.7756611913361215,1
1140.0,0.01349379468629327,3.3637221341206285,0.019956570233950408,0.13470294604920127,2.174461180322075,1.9913417218787812,1.132280516063849e-05,7.328705369011544,1
1150.0,0.013501757276109251,3.3656715664536363,0.01997466805654039,0.13471321756718488,2.18348053028305,1.991501381427776,1.0257490293960982e-05,6.562902565659618,1
1160.0,0.013509751959848944,3.367629221843033,0.019992766471542446,0.1347234894523633,2.192456448674943,1.9916530995334087,9.293553924782935e-06,7.8831656495142255,1
1170.0,0.013517778580657367,3.3695950604370006,0.02001086544289915,0.13473376168269727,2.201389074859085,1.9917972628142415,8.421369050489405e-06,6.987523936290467,1
1180.0,0.013525836982250222,3.3715690425119695,0.02002896493632497,0.13474403423723072,2.2102785513079315,1.991934238835261,7.632259065933308e-06,7.546851418606666,1
1190.0,0.013533927008924963,3.3735511284766293,0.020047064919191542,0.13475430709602035,2.2191250233366406,1.9920643773418265,6.9183548303523966e-06,7.828034850273045,1
1200.0,0.013542048505576129,3.375541278877361,0.02006516536037993,0.13476458024004542,2.2279286387559103,1.9921880118487325,6.272368674112571e-06,6.920542389554485,1
1210.0,0.013550201317668611,3.3775394543895563,0.020083266230460382,0.1347748536513178,2.23668954830561,1.9923054577067791,5.688081741374154e-06,7.6484870639267415,1
1220.0,0.01355838529128787,3.3795456158347714,0.02010136750127279,0.13478512731262532,2.2454079046595976,1.9924170166154493,5.159530254496877e-06,7.130136701341425,1
1230.0,0.013566600273136312,3.381559724179799,0.020119469145926463,0.1347954012075316,2.254083862430248,1.9925229766253671,4.68110200352342e-06,7.360609208380451,1
1240.0,0.013574846110477655,3.3835817405182627,0.0201375711392061,0.1348056753206246,2.262717579141302,1.992623607771602,4.248487294360184e-06,8.403558461694232,1
1250.0,0.013583122651238032,3.385611626104881,0.020155673456754394,0.1348159496370164,2.271309213284276,1.9927191708659118,3.857042204615487e-06,7.498107478132121,1
1260.0,0.013591429743957698,3.387649342339528,0.02017377607542074,0.13482622414255688,2.279858925154869,1.9928099137455955,3.5026129848408625e-06,7.526733301550857,1
1270.0,0.013599767237756187,3.3896948507557942,0.020191878973506456,0.13483649882398313,2.2883668774422676,1.9928960686361137,3.182068589246086e-06,6.513600700095788,1
1280.0,0.013608134982423097,3.3917481130518112,0.020209982130025488,0.134846773668468,2.2968332334722197,1.9929778601030832,2.8919556637905835e-06,7.006203776026531,1
1290.0,0.013616532828364745,3.3938090910725895,0.020228085525094565,0.13485704866385834,2.3052581581417892,1.993055500855796,2.6293095882922836e-06,8.191029540565602,1
1300.0,0.013624960626596757,3.395877746807799,0.020246189139965058,0.13486732379869446,2.313641818000016,1.9931291914041533,2.3916997936941705e-06,7.16684668810428,1
1310.0,0.013633418228793208,3.397954042408612,0.020264292956606554,0.13487759906195573,2.321984380260974,1.9931991245383096,2.176669651370209e-06,8.147507062024923,1
1320.0,0.013641905487256188,3.4000379401777248,0.020282396957920366,0.13488787444319095,2.330286013317101,1.9932654830318435,1.9820746697116855e-06,7.500582828877751,1
1330.0,0.013650422254915213,3.402129402569423,0.020300501127718015,0.13489814993250537,2.3385468866925794,1.9933284398731848,1.8060437457501285e-06,7.335062553050631,1
1340.0,0.013658968385354176,3.404228392198988,0.02031860545047724,0.13490842552041138,2.346767170467623,1.9933881608902988,1.6467777064956221e-06,7.164285619908231,1
1350.0,0.013667543732791828,3.406334871836361,0.020336709911471823,0.13491870119790791,2.35494703559209,1.993444803353827,1.5026832925300433e-06,7.6995366530152864,1
1360.0,0.013676148152081293,3.408448804406259,0.020354814496748364,0.1349289769564663,2.3630866538348423,1.9934985162273344,1.3723754491415396e-06,7.6035893160170005,1
1370.0,0.01368478149873303,3.410570152996227,0.020372919192914077,0.13493925278790048,2.3711861972838393,1.9935494424494395,1.254476176216482e-06,7.42261674153996,1
1380.0,0.013693443628892889,3.412698880849486,0.020391023987286427,0.13494952868445856,2.3792458387066553,1.9935977173246555,1.147804457336063e-06,7.737150912216441,1
1390.0,0.013702134399345475,3.4148349513663447,0.02040912886783879,0.1349598046387896,2.3872657514260416,1.9936434691074518,1.0513442917275675e-06,7.336948483448219,1
1400.0,0.013710853667533156,3.4169783281109223,0.020427233823020145,0.13497008064383323,2.3952461088956873,1.993686820942107,9.64052540510759e-07,7.9673115771361065,1
1410.0,0.013719601291533011,3.4191289748036024,0.020445338841914348,0.13498035669291727,2.4031870850837187,1.9937278891491081,8.850686646838528e-07,7.995771264201736,1
1420.0,0.013728377130065342,3.421286855324207,0.02046344391414398,0.13499063277969872,2.4110888542486926,1.9937667842596751,8.136310209827547e-07,7.7836480706740145,1
1430.0,0.013737181042503762,3.4234519337156852,0.0204815490297614,0.1350009088980973,2.41895159068532,1.9938036121875329,7.489859484082399e-07,6.838311305353588,1
1440.0,0.013746012888857217,3.4256241741782834,0.020499654179369185,0.1350111850423691,2.426775469015139,1.9938384729332843,6.905029925858044e-07,7.306647592539962,1
1450.0,0.013754872529780403,3.427803541073361,0.02051775935400718,0.1350214612070374,2.434560663922894,1.993871461799449,6.376057528154175e-07,7.086621119385439,1
1460.0,0.013763759826575718,3.42998999892434,0.020535864545109243,0.13503173738686633,2.4423073500583907,1.9939026698558417,5.897540386198863e-07,7.889559635213997,1
1470.0,0.013772674641173528,3.432183512410204,0.02055396974464364,0.1350420135769467,2.4500157023737343,1.9939321824289673,5.465040346810971e-07,7.084808647749636,1
1480.0,0.013781616836157048,3.4343840463743227,0.020572074944874015,0.13505228977254977,2.4576858955613714,1.993960081673622,5.074218993246172e-07,7.849621069409249,1
1490.0,0.013790586274754173,3.4365915658219217,0.020590180138402168,0.13506256596915361,2.4653181041599033,1.9939864461124144,4.7210002651781537e-07,7.257099575547168,1
1500.0,0.013799582820835193,3.4388060359195705,0.020608285318160596,0.13507284216243837,2.4729125025407885,1.9940113507161494,4.401555388818975e-07,7.595209865531171,1
1510.0,0.013808606338901368,3.441027421991528,0.02062639047748328,0.13508311834832953,2.4804692650804108,1.9940348661422727,4.11267438971307e-07,7.523120981541742,1
1520.0,0.013817656694054188,3.4432556895094537,0.0206444956103417,0.1350933945231423,2.4879885667234665,1.9940570561960436,3.8528674547284156e-07,7.54452731565617,1
1530.0,0.013826733752096977,3.445490804127611,0.020662600710448623,0.13510367068303378,2.4954705808647417,1.9940779874709895,3.618373261500745e-07,7.474630563613462,1
1540.0,0.013835837379450286,3.4477327316540585,0.02068070577195492,0.1351139468244288,2.5029154810038663,1.9940977218533444,3.4063331084263726e-07,7.082585119568947,1
1550.0,0.013844967443174669,3.449981438058748,0.020698810789227844,0.13512422294388443,2.510323440224592,1.9941163189070128,3.213833286634559e-07,7.233509272819164,1
1560.0,0.013854123810904052,3.4522368894508713,0.0207169157573973,0.13513449903842395,2.5176946324924656,1.9941338299973044,3.0405232284108564e-07,7.557521005591104,1
1570.0,0.013863306350936714,3.4544990521104473,0.020735020671546048,0.13514477510504175,2.525029230741997,1.9941503070019417,2.884846737600678e-07,6.939138269150626,1
1580.0,0.013872514932232483,3.456767892487639,0.020753125526706856,0.13515505114070173,2.532327406874309,1.9941658023415791,2.744073899965502e-07,7.303021191385168,1
1590.0,0.013881749424362513,3.4590433771857376,0.020771230318267657,0.13516532714258483,2.5395893327207073,1.9941803646215794,2.616254570464126e-07,7.898260386025067,1
1600.0,0.013891009697521103,3.4613254729654916,0.02078933504184412,0.13517560310801127,2.5468151797451895,1.9941940400026594,2.4996407621908757e-07,7.692773884739152,1
1610.0,0.013900295622452367,3.463614146720008,0.020807439693896555,0.13518587903481738,2.5540051205071923,1.9942068655650595,2.3953971297074915e-07,6.905241319241491,1
1620.0,0.013909607070620444,3.4659093655339346,0.020825544270207854,0.1351961549204256,2.5611593250675297,1.9942188856808722,2.3010448899094234e-07,7.807501583991078,1
1630.0,0.013918943914075036,3.4682110966372015,0.020843648767037374,0.1352064307625495,2.568277963720642,1.9942301396020874,2.2154986460678913e-07,7.128038454385289,1
1640.0,0.01392830602548465,3.4705193074168053,0.02086175318080173,0.13521670655899878,2.5753612062442923,1.9942406648940052,2.1377214723449156e-07,7.8347751333864135,1
1650.0,0.013937693278115712,3.4728339654097278,0.020879857508243595,0.1352269823077825,2.5824092223009307,1.994250495619722,2.0672332558372696e-07,8.279826979001488,1
1660.0,0.013947105545844805,3.475155038307544,0.02089796174628814,0.1352372580070212,2.5894221811040614,1.9942596638840915,2.0037127544266115e-07,7.9410030654982435,1
1670.0,0.013956542703183052,3.4774824939652986,0.02091606589178536,0.13524753365478945,2.596400250815954,1.994268202605628,1.9462683933777592e-07,7.245833426389208,1
1680.0,0.01396600462523981,3.479816300388997,0.020934169941823857,0.13525780924930778,2.603343599290292,1.9942761421410826,1.8943674238437383e-07,7.882903133613971,1
1690.0,0.013975491187731654,3.4821564257390594,0.020952273893618166,0.13526808478887356,2.610252393811144,1.9942835114975372,1.8475275082422304e-07,7.600213413212932,1
1700.0,0.013985002266964983,3.484502838324158,0.02097037774467542,0.13527836027196305,2.6171268014848192,1.9942903365394573,1.8053485331364303e-07,7.201701955754305,1
1710.0,0.013994537739865372,3.4868555066124887,0.020988481492428435,0.1352886356970071,2.6239669883897108,1.9942966439356185,1.7674135034093717e-07,7.1558217646265065,1
1720.0,0.014004097483953941,3.4892143992232874,0.02100658513447351,0.13529891106253653,2.6307731201337003,1.9943024586010778,1.733337805626031e-07,7.9857851093660965,1
1730.0,0.014013681377349655,3.4915794849280046,0.02102468866851249,0.13530918636714656,2.637545361723218,1.9943078043202833,1.7027459139129357e-07,7.485859331259617,1
1740.0,0.014023289298750618,3.4939507326436416,0.02104279209253641,0.13531946160960923,2.644283877994253,1.994312701771916,1.6756136867139766e-07,7.172759519860632,1
1750.0,0.014032921127430927,3.496328111431898,0.021060895404829735,0.135329736788876,2.6509888336261906,1.994317168482856,1.6522808555501756e-07,7.625015193854773,1
1760.0,0.014042576743302636,3.4987115905226838,0.02107899860322322,0.13534001190362088,2.6576603914076107,1.994321226865292,1.632118000732762e-07,7.304979555045654,1
1770.0,0.014052256026848524,3.501101139289291,0.02109710168583759,0.1353502869526952,2.664298713970206,1.9943248962167794,1.6148630413233583e-07,7.6335868528697555,1
1780.0,0.014061958859139701,3.50349672725531,0.0211152046508483,0.13536056193498372,2.67090396324535,1.9943281952510847,1.6002047789728946e-07,7.405204868206039,1
1790.0,0.01407168512183382,3.5058983240942876,0.02113330749647403,0.1353708368493976,2.6774763004413087,1.994331142221497,1.5877671979173454e-07,7.625045468693558,1
1800.0,0.014081434697173285,3.508305899629384,0.021151410220965238,0.13538111169486744,2.6840158860204517,1.9943337550441385,1.5770937649734708e-07,8.12140939184723,1
1810.0,0.014091207467983462,3.510719423833034,0.02116951282259269,0.13539138647033627,2.6905228796764638,1.994336051421275,1.567631729534554e-07,8.483500413082567,1
1820.0,0.014101003317670897,3.513138866826601,0.021187615299636003,0.13540166117475252,2.696997440311558,1.9943380489646267,1.5587164235661424e-07,7.883770643815164,1
1830.0,0.014110822130221511,3.515564198880039,0.02120571765037216,0.13541193580706296,2.703439726013687,1.99433976531868,1.5495555616017846e-07,7.605502634794939,1
1840.0,0.014120663790096443,3.517995390373422,0.021223819874227515,0.13542221036691698,2.709849896742312,1.994341205769369,1.541613303734615e-07,8.224117818620442,1
1850.0,0.014130528182273238,3.5204324118126133,0.02124192197127782,0.1354324848543609,2.7162281131684223,1.994342368621693,1.537587007197981e-07,6.465720931921966,1
1860.0,0.014140415192546238,3.522875233941444,0.021260023938802938,0.13544275926773205,2.7225745286575656,1.9943432822593157,1.5343087488242237e-07,7.547539584869543,1
1870.0,0.014150324707152427,3.5253238276027146,0.021278125775506786,0.13545303360623817,2.728889299098035,1.9943439597524555,1.531457508083632e-07,7.306712127141829,1
1880.0,0.014160256612892127,3.5277781637834584,0.02129622748011404,0.13546330786909974,2.7351725796378217,1.9943444139524698,1.5286726264286213e-07,7.385067010877987,1
1890.0,0.014170210797126747,3.5302382136144344,0.021314329051363833,0.13547358205554602,2.741424524673847,1.9943446575596417,1.5255487542883208e-07,7.597405911475873,1
1900.0,0.014180187147776545,3.5327039483696137,0.021332430488003453,0.13548385616481132,2.7476452878411886,1.9943447031909678,1.5216307980631592e-07,7.5659501793895405,1
1910.0,0.014190185553312851,3.535175339463547,0.021350531788851025,0.1354941301961732,2.753835022162197,1.9943445627057221,1.5165234474758e-07,7.449278117482523,1
1920.0,0.014200205902560508,3.5376523583759028,0.021368632955226154,0.1355044041504382,2.759993885682283,1.9943442210607634,1.513932662312613e-07,7.395175821472954,1
1930.0,0.014210248085193345,3.540134976841952,0.021386733984733654,0.13551467802614234,2.766122027070149,1.9943437031749895,1.5113489140876027e-07,7.611895992334286,1
1940.0,0.014220311991311765,3.542623166690818,0.02140483487649975,0.13552495182275145,2.772219597754337,1.9943430176067765,1.5087473676689233e-07,7.785506988274572,1
1950.0,0.014230397511559075,3.545116899890471,0.02142293562968613,0.13553522553975317,2.778286748484038,1.994342172537209,1.5061258888492037e-07,7.8898348060892864,1
1960.0,0.014240504537118967,3.547616148547109,0.02144103624348731,0.13554549917665507,2.784323629326751,1.9943411757987153,1.503506035475904e-07,7.058432351880886,1
1970.0,0.014250632959712968,3.550120884904529,0.021459136717127937,0.13555577273298322,2.7903303896659475,1.9943400349037022,1.5009340485816733e-07,7.5897558761213295,1
1980.0,0.014260782671597914,3.55263108134351,0.021477237049860147,0.13556604620828053,2.796307178198735,1.9943387570731899,1.4984818435147104e-07,7.141894271119846,1
1990.0,0.014270953565558672,3.555146710375935,0.02149533724135641,0.13557631960234667,2.802254143812347,1.994337345011318,1.495952808227559e-07,7.672748930956454,1
2000.0,0.014281145534914153,3.55766774465364,0.02151343729099359,0.1355865929148008,2.808171433996926,1.9943358046058768,1.4934151452161837e-07,7.555561330477837,1
2010.0,0.014291358473512487,3.5601941569652555,0.02153153719804121,0.1355968661451964,2.8140591952674185,1.9943341429033856,1.4910603668826404e-07,8.1209836995026,1
2020.0,0.0143015922757251,3.562725920231831,0.021549636961941482,0.13560713929319249,2.8199175737893887,1.9943323650970244,1.4889932931142304e-07,8.03433064515373,1
2030.0,0.01431184683644588,3.5652630075080887,0.021567736582165205,0.13561741235846556,2.825746715062383,1.9943304760767075,1.4873386146483451e-07,7.446887737985367,1
2040.0,0.014322122051088616,3.5678053919817914,0.021585836058209917,0.13562768534070846,2.8315467639194507,1.9943284804487196,1.4862412597955935e-07,8.307245619183076,1
2050.0,0.01433241781558447,3.5703530469731057,0.021603935389598084,0.1356379582396293,2.837317864526664,1.994326382555353,1.4858667611629275e-07,7.317545961498178,1
2060.0,0.014342734026399838,3.5729059459397527,0.0216220345758217,0.1356482310549175,2.8430601602360297,1.994324187070856,1.485979547423994e-07,7.236336470231385,1
2070.0,0.014353070580540786,3.575464062478347,0.021640133616322135,0.13565850378623165,2.8487737935348463,1.9943218992182492,1.4857989015481692e-07,6.767906541678793,1
2080.0,0.01436342737545371,3.578027370296355,0.021658232510742302,0.13566877643335343,2.8544589067404442,1.9943195220561705,1.4860007449245736e-07,7.590345598036303,1
2090.0,0.014373804309125974,3.5805958432406793,0.02167633125865408,0.13567904899602112,2.8601156412586235,1.9943170594116002,1.4865845417799078e-07,8.231222197032475,1
2100.0,0.014384201280051264,3.5831694552879343,0.021694429859640714,0.13568932147397997,2.8657441378137136,1.9943145149932795,1.4875373536334762e-07,7.840192342479362,1
2110.0,0.014394618187227148,3.585748180543842,0.02171252831329472,0.13569959386698088,2.871344536447388,1.9943118924141408,1.4888321606049744e-07,7.491934274671673,1
2120.0,0.014405054930152619,3.588331993242623,0.021730626619215803,0.13570986617477915,2.8769169765174714,1.994309195213735,1.490426182722275e-07,7.773109052840027,1
2130.0,0.014415511408825656,3.590920867746395,0.021748724777008774,0.13572013839713318,2.882461596696755,1.9943064268806625,1.4922592012292146e-07,7.436700828013837,1
2140.0,0.014425987523769968,3.593514778549454,0.021766822786535432,0.13573041053395848,2.88797853549116,1.9943035881434834,1.494563573089825e-07,7.440661116560094,1
2150.0,0.014436483175962866,3.5961137002659957,0.02178492064730627,0.1357406825849558,2.8934679299989043,1.9943006835129915,1.4971185736164206e-07,8.49495662975323,1
2160.0,0.014446998266888493,3.5987176076388336,0.02180301835896272,0.13575095454990596,2.8989299168997387,1.9942977160955682,1.4998431247352064e-07,8.317202359537005,1
2170.0,0.014457532698521623,3.601326475536495,0.021821115921155446,0.1357612264285954,2.9043646322091394,1.9942946889021536,1.5026473091349354e-07,7.777393047176835,1
2180.0,0.014468086373324482,3.6039402789524866,0.021839213333535876,0.13577149822081103,2.9097722112640874,1.9942916049392323,1.505422868609149e-07,7.788194458200152,1
2190.0,0.014478659194244344,3.606558993004699,0.02185731059575448,0.13578176992633917,2.915152788722583,1.9942884672275492,1.5080419491349324e-07,7.846211635126724,1
2200.0,0.014489251064711122,3.6091825929348067,0.021875407707459,0.13579204154496452,2.9205064985631672,1.994285278820824,1.5103558459516712e-07,7.484589460173631,1
2210.0,0.014499861888630988,3.6118110541028314,0.021893504668666734,0.13580231307669757,2.925833474914724,1.9942820388018467,1.5128860375515935e-07,7.515928484247751,1
2220.0,0.014510491570390284,3.614444351994226,0.02191160147916866,0.13581258452141054,2.9311338507370617,1.994278748691242,1.515723209868762e-07,7.058241320395969,1
2230.0,0.01452114001485326,3.617082462219466,0.021929698138512692,0.13582285587882706,2.9364077577870598,1.9942754126278621,1.5184981769044548e-07,8.11141803770616,1
2240.0,0.014531807127355115,3.619725360507903,0.021947794646431523,0.13583312714878373,2.9416553275719286,1.9942720327667567,1.521175851340477e-07,7.412633385634186,1
2250.0,0.014542492813701496,3.6223730227094735,0.02196589100266174,0.1358433983311195,2.946876690950996,1.9942686112248504,1.5237223613434924e-07,7.878139175035892,1
2260.0,0.01455319698016607,3.625025424794092,0.021983987206942956,0.1358536694256752,2.9520719781371842,1.9942651500901527,1.5261054317485275e-07,8.062218842803356,1
2270.0,0.014563919533488118,3.627682542851041,0.022002083259016956,0.13586394043229294,2.95724131869849,1.994261651430965,1.5282947652424783e-07,6.902249545297638,1
2280.0,0.01457466038087465,3.6303443530886015,0.022020179158716967,0.1358742113508708,2.962384841751869,1.9942581163358284,1.5303247214006077e-07,7.6236034869417155,1
2290.0,0.01458541943000441,3.6330108318337886,0.022038274906094227,0.13588448218144003,2.967502676236824,1.994254543551934,1.5323828036380192e-07,8.0921956427562,1
2300.0,0.014596196588992102,3.63568195552995,0.022056370500754655,0.13589475292375972,2.972594949502432,1.994250936619856,1.5343520586905114e-07,7.741783860784066,1
2310.0,0.014606991766418742,3.6383577007379113,0.02207446594250879,0.13590502357771406,2.9776617886983408,1.9942472968828626,1.5362613650351158e-07,7.332480679611701,1
2320.0,0.014617804871319355,3.641038044134838,0.02209256123117459,0.13591529414319173,2.982703320357023,1.994243625608029,1.5381500749051718e-07,7.095901203661456,1
2330.0,0.014628635813180588,3.643722962513626,0.022110656366577136,0.13592556462008581,2.9877196703964564,1.9942399239894013,1.5400687838867866e-07,7.732596751399103,1
2340.0,0.014639484501938319,3.6464124327822898,0.022128751348548324,0.13593583500829348,2.9927109641228022,1.9942361931511634,1.5420801005152942e-07,7.342210732616976,1
2350.0,0.014650350847975275,3.649106431963355,0.02214684617692659,0.135946105307716,2.997677326233087,1.9942324341508015,1.5442594158717156e-07,7.921901985289939,1
2360.0,0.014661234762175318,3.651804937207702,0.022164940851564462,0.13595637551826315,3.0026188807561445,1.9942286478980542,1.5461626052861132e-07,8.034996602029997,1
2370.0,0.014672136155791594,3.654507925760944,0.0221830353723103,0.13596664563984223,3.007535751196309,1.9942248353504448,1.5480444351037902e-07,7.244728613735629,1
2380.0,0.014683054940538018,3.6572153749867535,0.022201129739021035,0.13597691567236578,3.0124280604338454,1.9942209973769591,1.5499764043654928e-07,7.162277418302978,1
2390.0,0.014693991028572027,3.6599272623624644,0.0222192239515598,0.1359871856157501,3.017295930743819,1.9942171347832993,1.5519873310648517e-07,7.405245154856567,1
2400.0,0.014704944332487445,3.662643565477254,0.022237318009794987,0.1359974554699147,3.022139483803939,1.994213248322093,1.5541087063109108e-07,7.444485508629602,1
2410.0,0.014715914765312185,3.6653642620315545,0.022255411913599952,0.13600772523478216,3.0269588406971426,1.9942093386959336,1.556374671374029e-07,7.879794983205788,1
2420.0,0.014726902240505943,3.6680893298364645,0.02227350566285274,0.13601799491027788,3.0317541219141875,1.994205406560422,1.5588219947317815e-07,8.170002761752531,1
2430.0,0.014737906671992021,3.6708187468223263,0.022291599257395593,0.13602826449630542,3.0365254472199488,1.9942014529599221,1.561319730002213e-07,8.032391213068665,1
2440.0,0.014748927974109906,3.6735524910260198,0.022309692697087814,0.13603853399277877,3.0412729358361843,1.9941974787585304,1.563794362749445e-07,7.638846229358859,1
2450.0,0.014759966061589434,3.676290540584064,0.0223277859818332,0.13604880339963904,3.0459967065380953,1.9941934843447562,1.5663472231141997e-07,7.468145153698189,1
2460.0,0.014771020849606109,3.6790328737474947,0.022345879111511903,0.13605907271681297,3.050696877426809,1.9941894703651433,1.5689669031765858e-07,7.693786891681257,1
2470.0,0.01478209225375729,3.681779468875502,0.02236397208600544,0.13606934194422812,3.055373566017852,1.994185437454628,1.571636563056235e-07,7.413573395516089,1
2480.0,0.014793180190059981,3.6845303044348703,0.022382064905196345,0.13607961108181266,3.060026889243367,1.9941813862407483,1.574333447548557e-07,6.82168233184476,1
2490.0,0.01480428457494862,3.687285358999413,0.02240015756896773,0.13608988012949508,3.0646569634543344,1.994177317347855,1.577028402760992e-07,7.918061028805736,1
2500.0,0.01481540532528076,3.6900446112513277,0.022418250077213233,0.13610014908721035,3.0692639044344783,1.9941732312906604,1.5797236374272608e-07,8.393790967466565,1
2510.0,0.014826542358360499,3.69280803998687,0.022436342429870044,0.13611041795492007,3.073847827440488,1.994169128118774,1.5825765442600006e-07,8.073406710154641,1
2520.0,0.01483769559184301,3.695575624093115,0.022454434626796856,0.13612068673253783,3.078408847066051,1.9941650087288898,1.5854471753971934e-07,8.545449362404467,1
2530.0,0.014848864943818582,3.6983473425683657,0.022472526667886017,0.13613095541999776,3.082947077371882,1.9941608736592462,1.5883158529129276e-07,7.6338799709361265,1
2540.0,0.014860050332785035,3.7011231745154203,0.022490618553029997,0.13614122401723416,3.0874626318503267,1.9941567234498274,1.5911596534487853e-07,7.686757813384546,1
2550.0,0.014871251677645572,3.7039030991410224,0.02250871028212111,0.13615149252418113,3.0919556234276855,1.9941525586456195,1.5939522544525478e-07,7.970028417885812,1
2560.0,0.01488246889770663,3.7066870957553197,0.022526801855051185,0.13616176094077256,3.096426164466533,1.9941483797998674,1.596663780416902e-07,7.213713790631538,1
2570.0,0.014893701912675746,3.7094751437713107,0.02254489327171129,0.1361720292669418,3.100874366768037,1.9941441874773314,1.5992606491181447e-07,7.642904860191941,1
2580.0,0.014904950642693862,3.7122672227119606,0.022562984532106842,0.13618229750269215,3.1053003417808123,1.9941399810159992,1.6019383731325002e-07,7.577170418434613,1
2590.0,0.014916215008258581,3.7150633121930743,0.02258107563610737,0.13619256564794383,3.109704200156055,1.9941357612185204,1.6046170137607117e-07,7.619750668081528,1
2600.0,0.014927494930269092,3.7178633919332076,0.02259916658360387,0.13620283370263014,3.1140860520319604,1.9941315286596883,1.6072592114811336e-07,7.928072543939825,1
2610.0,0.014938790330023304,3.7206674417529655,0.022617257374506133,0.13621310166669598,3.1184460070317908,1.9941272837152386,1.6098652395116477e-07,8.209243041759315,1
2620.0,0.0149501011292105,3.7234754415732927,0.022635348008724968,0.13622336954008674,3.122784174234926,1.9941230267530896,1.61243757810995e-07,7.801413173249911,1
2630.0,0.014961427249909239,3.726287371414943,0.022653438486172083,0.13623363732274846,3.127100662179521,1.9941187581345674,1.6149811417222287e-07,8.20778577609879,1
2640.0,0.014972768614585274,3.729103211397943,0.02267152880675996,0.1362439050146276,3.131395578865162,1.994114478215634,1.617503506131838e-07,8.373348084399378,1
2650.0,0.014984125145507649,3.731922941591496,0.02268961897043887,0.13625417261569372,3.1356690326492367,1.9941101869443536,1.6199886199992035e-07,7.969786322641628,1
2660.0,0.014995496765575801,3.7347465422264934,0.02270770897715435,0.13626444012591352,3.1399211309990647,1.9941058843245496,1.62242120679909e-07,7.885530170607337,1
2670.0,0.015006883398961795,3.737573993860709,0.022725798826796872,0.13627470754522,3.1441519794846644,1.994101570962471,1.6248282004717624e-07,7.829062970677796,1
2680.0,0.015018284969698155,3.7404052770157947,0.02274388851929053,0.13628497487356678,3.148361683944944,1.9940972471015035,1.6272161592822635e-07,7.4554373153893785,1
2690.0,0.01502970140221758,3.7432403723159937,0.02276197805456095,0.1362952421109083,3.152550349663763,1.9940929129718201,1.6295928634931165e-07,7.187504809171062,1
2700.0,0.015041132621352938,3.7460792604881465,0.02278006743253527,0.1363055092572,3.156718081369929,1.9940885687903804,1.6319673153643246e-07,7.008301990124435,1
2710.0,0.015052578552337272,3.7489219223616863,0.02279815665314215,0.1363157763123983,3.1608649832372007,1.9940842147609306,1.6343497391533712e-07,8.1874512891329,1
2720.0,0.015064039120803797,3.7517683388686405,0.022816245716311776,0.13632604327646045,3.1649911588842854,1.9940798510740039,1.6367515811152193e-07,8.120639212691852,1
2730.0,0.015075514252785905,3.754618491043633,0.022834334621975854,0.1363363101493447,3.1690967113748396,1.9940754779069207,1.6391855095023124e-07,7.930042497649685,1
2740.0,0.015087003874717154,3.7574723600238795,0.02285242337006761,0.13634657693101015,3.1731817432174716,1.994071095423788,1.6416654145645745e-07,7.996018161654784,1
2750.0,0.015098507913431283,3.7603299270491917,0.022870511960521783,0.13635684362141695,3.177246356365737,1.9940667037754993,1.644206408549409e-07,7.31041599906513,1
2760.0,0.015110026296162198,3.7631911734619754,0.02288860039327465,0.13636711022052606,3.181290652218143,1.9940623030997358,1.6468248257016998e-07,8.17672893754002,1
2770.0,0.015121558944639518,3.7660560791939814,0.022906688668191788,0.1363773767282553,3.185314739698053,1.9940578942511067,1.6492939522535797e-07,8.149207852612692,1
2780.0,0.015133105777998972,3.768924623512209,0.022924776785103698,0.13638764314450108,3.1893187312709856,1.9940534784412542,1.6512644306760272e-07,6.711963035781893,1
2790.0,0.015144666734593465,3.7717967906088457,0.0229428647440725,0.13639790946930128,3.1933027130974394,1.9940490545417053,1.6531665928155153e-07,7.832520879506459,1
2800.0,0.015156241742892916,3.77467256214321,0.022960952545036082,0.13640817570261793,3.197266784854763,1.9940446226823845,1.6550065739390263e-07,8.121753744590452,1
2810.0,0.015167830731773947,3.7775519198788907,0.02297904018793394,0.13641844184441398,3.201211045656321,1.9940401829791956,1.656792001345923e-07,8.202443720702433,1
2820.0,0.015179433630519877,3.780434845683742,0.022997127672707163,0.13642870789465344,3.2051355940514985,1.9940357355340221,1.6585319943679507e-07,7.436463589136179,1
2830.0,0.015191050368820723,3.783321321529885,0.023015214999298456,0.13643897385330123,3.2090405280256955,1.9940312804347275,1.660237164369235e-07,8.272920677738941,1
2840.0,0.015202680876773211,3.786211329493708,0.023033302167652106,0.13644923972032327,3.2129259450003302,1.9940268177551548,1.6619196147462848e-07,8.024115687593621,1
2850.0,0.01521432508488076,3.789104851755869,0.023051389177714016,0.13645950549568645,3.2167919418328395,1.9940223475551266,1.6635929409279894e-07,7.1496737516343485,1
2860.0,0.01522598292405349,3.79200187060129,0.023069476029431678,0.13646977117935866,3.220638614816676,1.9940178698804452,1.6652722303756203e-07,7.967684444888114,1
2870.0,0.015237654325608224,3.7949023684191627,0.023087562722754196,0.13648003677130877,3.224466059681311,1.994013384762893,1.6669740625828302e-07,8.187599662903006,1
2880.0,0.015249339221268482,3.7978063277029452,0.023105649257632265,0.13649030227150655,3.2282743715922333,1.9940088922202315,1.6687165090756538e-07,8.239089676170202,1
2890.0,0.015261037543164485,3.800713731050363,0.023123735634018188,0.13650056767992289,3.2320636451509483,1.9940043922562023,1.6705191334125074e-07,7.543542635887832,1
2900.0,0.015272749223833159,3.8036245611634083,0.023141821851865866,0.13651083299652952,3.23583397439498,1.9939998848605265,1.6724029911841887e-07,6.981099245299921,1
2910.0,0.015284474196218123,3.806538800848341,0.0231599079111308,0.13652109822129926,3.23958545279787,1.993995370008905,1.6743906300138772e-07,8.855226625812833,1
2920.0,0.0152962123936697,3.8094564330156886,0.023177993811770096,0.13653136335420582,3.243318173269176,1.9939908476630184,1.676506089557134e-07,8.434271989180655,1
2930.0,0.015307963749944913,3.812377440680246,0.023196079553742456,0.13654162839522396,3.247032228154474,1.993986317770527,1.6787749015019016e-07,7.99976663927486,1
2940.0,0.015319728199207485,3.8153018069610742,0.023214165137008184,0.13655189334432935,3.2507277092353584,1.9939817802650706,1.6812240895685042e-07,7.772323913648228,1
2950.0,0.01533150567602784,3.8182295150815024,0.023232250561529187,0.13656215820149867,3.25440470772944,1.993977235066269,1.683882169509648e-07,7.878886948448296,1
2960.0,0.0153432961153831,3.8211605483691273,0.023250335827268973,0.13657242296670963,3.258063314290348,1.9939726820797212,1.6867791491104204e-07,7.3362465810209745,1
2970.0,0.015355099452657088,3.8240948902558127,0.023268420934192645,0.1365826876399408,3.261703619007728,1.9939681211970068,1.6899465281882905e-07,7.63002303530499,1
2980.0,0.01536691562364033,3.8270325242776893,0.023286505882266915,0.13659295222117188,3.2653257114072436,1.993963552295684,1.6934172985931088e-07,7.595809592221763,1
2990.0,0.015378744537024059,3.8299734270264483,0.023304590671047162,0.13660321671013098,3.2689297179220556,1.993958979464257,1.6965036685434739e-07,8.39117009574081,1
3000.0,0.015390586087780014,3.832917571578061,0.023322675299878297,0.13661348110641774,3.2725157836654946,1.993954408947016,1.698148400626494e-07,7.492602635924408,1
3010.0,0.015402440266175963,3.8358649554291766,0.02334075976953135,0.13662374541050337,3.2760839239189328,1.9939498323990739,1.6997874341913227e-07,7.919816111017789,1
3020.0,0.015414307008496086,3.8388155622426128,0.02335884407996242,0.136634009622361,3.2796342274957966,1.993945249815961,1.701429974024372e-07,7.507026763716241,1
3030.0,0.015426186251402286,3.8417693757780316,0.023376928231128767,0.13664427374196447,3.2831667826849937,1.9939406611836386,1.703085956243133e-07,8.163370634495365,1
3040.0,0.015438077931934201,3.8447263798919393,0.023395012222988835,0.13665453776928838,3.2866816772509146,1.9939360664784962,1.7047660482961736e-07,8.052875964726638,1
3050.0,0.015449981987509201,3.8476865585376845,0.023413096055502215,0.13666480170430795,3.2901789984334338,1.9939314656673532,1.706481648963141e-07,7.19079159484562,1
3060.0,0.015461898355922384,3.85064989576546,0.023431179728629674,0.1366750655469992,3.2936588329479055,1.9939268587074586,1.7082448883547605e-07,7.820033310758324,1
3070.0,0.015473826975346579,3.853616375722302,0.023449263242333145,0.13668532929733881,3.297121266985169,1.9939222455464904,1.7100686279128353e-07,8.009160817434276,1
3080.0,0.01548576778433235,3.85658598265209,0.02346734659657572,0.13669559295530423,3.300566386211545,1.9939176261225566,1.7119664604102467e-07,8.653299766353651,1
3090.0,0.015497720721807988,3.859558700895547,0.023485429791321663,0.13670585652087353,3.303994275768836,1.993913000364194,1.7139527099509543e-07,7.439070164740271,1
3100.0,0.015509685727079515,3.8625345148902417,0.023503512826536403,0.13671611999402558,3.3074050202743286,1.993908368190369,1.7160424319699963e-07,8.425700408139706,1
3110.0,0.015521662739830685,3.865513409170583,0.023521595702186534,0.1367263833747399,3.310798703820791,1.993903729510478,1.7182514132334882e-07,8.062040256375093,1
3120.0,0.015533651700122983,3.8684953683678263,0.02353967841823982,0.1367366466629968,3.3141754099764746,1.9938990842243463,1.7205961718386248e-07,8.709370916189254,1
3130.0,0.015545652548395624,3.871480377210068,0.023557760974665182,0.13674690985877724,3.3175352217851115,1.9938944322222283,1.7230939572136784e-07,7.574674418517351,1
3140.0,0.015557665225465556,3.8744684205222506,0.02357584337143272,0.13675717296206286,3.3208782217659185,1.9938897733848087,1.7257627501179998e-07,8.24004823665372,1
3150.0,0.015569689672527455,3.877459483226158,0.023593925608513682,0.1367674359728361,3.3242044919135934,1.993885107583201,1.7286212626420174e-07,7.471623394395541,1
3160.0,0.015581725831153729,3.8804535503404196,0.023612007685880503,0.13677769889108007,3.3275141136983177,1.9938804346789483,1.7316889382072388e-07,8.088807255289087,1
3170.0,0.015593773643294518,3.883450606980506,0.023630089603506765,0.1367879617167786,3.3308071680657543,1.9938757545240233,1.7349859515662486e-07,7.983964778142599,1
3180.0,0.015605833051277693,3.8864506383587343,0.02364817136136723,0.1367982244499162,3.334083735437049,1.993871066960828,1.738533208802711e-07,8.235591008037595,1
3190.0,0.015617903997808854,3.889453629784263,0.02366625295943782,0.13680848709047816,3.3373438957088313,1.9938663718221934,1.7423523473313671e-07,7.774159677274811,1
3200.0,0.01562998642597133,3.892459566663095,0.02368433439769562,0.1368187496384504,3.340587728253211,1.9938616689313808,1.746465735898037e-07,8.358817200763214,1
3210.0,0.015642080241514856,3.8954684248333287,0.023702415675632305,0.13682901209352222,3.343815363467459,1.9938569630389735,1.7503348804505715e-07,8.224603472969028,1
3220.0,0.01565418532392864,3.8984801734029983,0.023720496792397006,0.13683927445517347,3.347026967637587,1.9938522623732686,1.7530253237981713e-07,8.496116731424914,1
3230.0,0.015666301697011054,3.9014948184640534,0.023738577748997135,0.13684953672401992,3.3502225097774048,1.9938475563105407,1.7557467549336254e-07,8.259652053115701,1
3240.0,0.01567842930375287,3.9045123453989277,0.02375665854539376,0.13685979890003772,3.3534020693528377,1.9938428448456842,1.7585005890344206e-07,7.530159948524841,1
3250.0,0.015690568087476556,3.9075327396750974,0.023774739181548512,0.13687006098320337,3.3565657253682315,1.9938381279700508,1.7612882869442814e-07,7.716068264164869,1
3260.0,0.01570271799183626,3.9105559868450843,0.023792819657423598,0.13688032297349376,3.3597135563663527,1.9938334056714488,1.7641113551731705e-07,8.41680603133007,1
3270.0,0.015714878960817823,3.913582072546453,0.0238108999729818,0.1368905848708861,3.3628456404283895,1.9938286779341436,1.7669713458972884e-07,7.6090866948310225,1
3280.0,0.015727050938738774,3.9166109825018105,0.023828980128186465,0.13690084667535796,3.36596205517395,1.9938239447388582,1.7698698569590725e-07,8.485476463850906,1
3290.0,0.015739233870248327,3.91964270251881,0.023847060123001515,0.13691110838688725,3.3690628777610634,1.9938192060627717,1.772808531867199e-07,7.892237303402899,1
3300.0,0.01575142770032739,3.9226772184901453,0.023865139957391448,0.13692137000545224,3.37214818488618,1.993814461879521,1.7757890597965814e-07,8.468617182194908,1
3310.0,0.015763632374288555,3.925714516393556,0.023883219631321326,0.13693163153103155,3.37521805278417,1.9938097121591993,1.778813175588371e-07,8.051883195622022,1
3320.0,0.015775847837776098,3.9287545822918255,0.023901299144756794,0.13694189296360412,3.3782725572283265,1.9938049568683576,1.781882659749957e-07,8.602812491436316,1
3330.0,0.015788074036765992,3.9317974023327795,0.023919378497664054,0.1369521543031493,3.3813117735303617,1.9938001959700031,1.7849993384549665e-07,8.304905644513767,1
3340.0,0.015800310917565896,3.9348429627492867,0.023937457690009892,0.13696241554964672,3.384335776540409,1.9937954294236004,1.7881650835432637e-07,8.367905020662192,1
3350.0,0.01581255842681515,3.937891249859263,0.023955536721761664,0.13697267670307642,3.3873446406470227,1.9937906571850716,1.7913818125209518e-07,8.531455221150964,1
3360.0,0.01582481651148479,3.9409422500656635,0.02397361559288729,0.13698293776341874,3.3903384397771785,1.9937858792067948,1.7946514885603705e-07,7.925119996062499,1
3370.0,0.015837085118877537,3.94399594985649,0.023991694303355276,0.1369931987306544,3.393317247396272,1.9937810954376058,1.797976120500098e-07,8.030612758412127,1
3380.0,0.015849364196627802,3.9470523358047873,0.024009772853134687,0.13700345960476448,3.3962811365081205,1.9937763058227975,1.8013577628449502e-07,7.380015888023444,1
3390.0,0.01586165369270168,3.950111394568643,0.024027851242195163,0.13701372038573037,3.3992301796549613,1.9937715103041194,1.804798515765981e-07,8.374422345612802,1
3400.0,0.01587395355539696,3.9531731128911884,0.02404592947050692,0.13702398107353383,3.402164448917454,1.9937667088197781,1.808300525100481e-07,8.745790091570917,1
3410.0,0.015886263733343117,3.9562374776005993,0.02406400753804074,0.137034241668157,3.4050840159146767,1.9937619013044372,1.8118659823519804e-07,8.622296982151246,1
3420.0,0.015898584175501308,3.959304475610094,0.024082085444767982,0.1370445021695823,3.407988951804131,1.9937570876892177,1.8154971246902453e-07,7.269972095887204,1
3430.0,0.01591091479869573,3.9623740855951315,0.024100163190404658,0.1370547625776361,3.4108793720243997,1.9937522703988646,1.8190897457702778e-07,8.742576198413067,1
3440.0,0.01592325548977391,3.9654462785471645,0.02411824077442845,0.1370650228919992,3.4137554333182103,1.9937474541855984,1.8224402809573116e-07,8.495906148376681,1
3450.0,0.01593560627336707,3.968521060776249,0.024136318197401026,0.13707528311301484,3.4166171025542007,1.99374263322665,1.8257960200193057e-07,9.140847971182083,1
3460.0,0.015947967098294706,3.971598419159371,0.02415439545928446,0.13708554324065975,3.419464451067087,1.9937378075519043,1.8291545667104389e-07,7.92424838421727,1
3470.0,0.015960337913665804,3.974678340647747,0.02417247256004106,0.13709580327491092,3.4222975497881394,1.993732977190949,1.832513432090797e-07,7.228264746375109,1
3480.0,0.015972718668878852,3.977760812266823,0.024190549499633375,0.1371060632157454,3.4251164692451828,1.993728142173073,1.8358700345263752e-07,7.97074293576059,1
3490.0,0.015985109313621845,3.980845821116276,0.024208626278024194,0.13711632306314042,3.4279212795625966,1.9937233025272663,1.8392216996890757e-07,7.1948047349582875,1
3500.0,0.01599750979787228,3.9839333543700106,0.024226702895176547,0.13712658281707332,3.4307120504613144,1.993718458282221,1.8425656605567094e-07,7.969673849327403,1
3510.0,0.01600992007189715,3.9870233992761626,0.0242447793510537,0.13713684247752167,3.4334888512588253,1.9937136094663301,1.8458990574129945e-07,7.544893015413705,1
3520.0,0.016022340086252956,3.9901159431570985,0.024262855645619162,0.1371471020444631,3.436251750869172,1.9937087561076894,1.8492189378475578e-07,7.326824102685758,1
3530.0,0.0160347697917857,3.993210973409414,0.024280931778836674,0.13715736151787541,3.439000817802952,1.9937038982340947,1.852522256755934e-07,8.352263764526864,1
3540.0,0.016047209139630886,3.9963084775039337,0.02429900775067023,0.13716762089773657,3.441736120167317,1.9936990358730446,1.8558058763395653e-07,8.359173856342657,1
3550.0,0.016059658081213513,3.9994084429857133,0.024317083561084047,0.1371778801840247,3.4444577256659747,1.9936941690517385,1.8590665661058028e-07,8.240124890857953,1
3560.0,0.016072116568248095,4.002510857474039,0.024335159210042593,0.13718813937671798,3.4471657015991855,1.993689297797078,1.862301002867905e-07,7.896230541483561,1
3570.0,0.016084584552738635,4.0056157086624244,0.02435323469751057,0.13719839847579487,3.449860114863765,1.9936844221356653,1.8655057707450387e-07,7.65034468615328,1
3580.0,0.016097061986978647,4.0087229843186165,0.024371310023452927,0.1372086574812339,3.452541031953084,1.9936795420938052,1.8686773611622782e-07,7.64147469049445,1
3590.0,0.016109548823551142,4.011832672284588,0.02438938518783484,0.13721891639301373,3.455208518957067,1.9936746576975033,1.8718121728506063e-07,7.819365232739436,1
3600.0,0.016122045015328636,4.0149447604765465,0.024407460190621736,0.1372291752111132,3.4578626415621936,1.9936697689724674,1.874906511846914e-07,8.399302160775123,1
